*vertices    264 
     1 "     1" 
     2 "     2" 
     3 "     3" 
     4 "     4" 
     5 "     5" 
     6 "     6" 
     7 "     7" 
     8 "     8" 
     9 "     9" 
    10 "    10" 
    11 "    11" 
    12 "    12" 
    13 "    13" 
    14 "    14" 
    15 "    15" 
    16 "    16" 
    17 "    17" 
    18 "    18" 
    19 "    19" 
    20 "    20" 
    21 "    21" 
    22 "    22" 
    23 "    23" 
    24 "    24" 
    25 "    25" 
    26 "    26" 
    27 "    27" 
    28 "    28" 
    29 "    29" 
    30 "    30" 
    31 "    31" 
    32 "    32" 
    33 "    33" 
    34 "    34" 
    35 "    35" 
    36 "    36" 
    37 "    37" 
    38 "    38" 
    39 "    39" 
    40 "    40" 
    41 "    41" 
    42 "    42" 
    43 "    43" 
    44 "    44" 
    45 "    45" 
    46 "    46" 
    47 "    47" 
    48 "    48" 
    49 "    49" 
    50 "    50" 
    51 "    51" 
    52 "    52" 
    53 "    53" 
    54 "    54" 
    55 "    55" 
    56 "    56" 
    57 "    57" 
    58 "    58" 
    59 "    59" 
    60 "    60" 
    61 "    61" 
    62 "    62" 
    63 "    63" 
    64 "    64" 
    65 "    65" 
    66 "    66" 
    67 "    67" 
    68 "    68" 
    69 "    69" 
    70 "    70" 
    71 "    71" 
    72 "    72" 
    73 "    73" 
    74 "    74" 
    75 "    75" 
    76 "    76" 
    77 "    77" 
    78 "    78" 
    79 "    79" 
    80 "    80" 
    81 "    81" 
    82 "    82" 
    83 "    83" 
    84 "    84" 
    85 "    85" 
    86 "    86" 
    87 "    87" 
    88 "    88" 
    89 "    89" 
    90 "    90" 
    91 "    91" 
    92 "    92" 
    93 "    93" 
    94 "    94" 
    95 "    95" 
    96 "    96" 
    97 "    97" 
    98 "    98" 
    99 "    99" 
   100 "   100" 
   101 "   101" 
   102 "   102" 
   103 "   103" 
   104 "   104" 
   105 "   105" 
   106 "   106" 
   107 "   107" 
   108 "   108" 
   109 "   109" 
   110 "   110" 
   111 "   111" 
   112 "   112" 
   113 "   113" 
   114 "   114" 
   115 "   115" 
   116 "   116" 
   117 "   117" 
   118 "   118" 
   119 "   119" 
   120 "   120" 
   121 "   121" 
   122 "   122" 
   123 "   123" 
   124 "   124" 
   125 "   125" 
   126 "   126" 
   127 "   127" 
   128 "   128" 
   129 "   129" 
   130 "   130" 
   131 "   131" 
   132 "   132" 
   133 "   133" 
   134 "   134" 
   135 "   135" 
   136 "   136" 
   137 "   137" 
   138 "   138" 
   139 "   139" 
   140 "   140" 
   141 "   141" 
   142 "   142" 
   143 "   143" 
   144 "   144" 
   145 "   145" 
   146 "   146" 
   147 "   147" 
   148 "   148" 
   149 "   149" 
   150 "   150" 
   151 "   151" 
   152 "   152" 
   153 "   153" 
   154 "   154" 
   155 "   155" 
   156 "   156" 
   157 "   157" 
   158 "   158" 
   159 "   159" 
   160 "   160" 
   161 "   161" 
   162 "   162" 
   163 "   163" 
   164 "   164" 
   165 "   165" 
   166 "   166" 
   167 "   167" 
   168 "   168" 
   169 "   169" 
   170 "   170" 
   171 "   171" 
   172 "   172" 
   173 "   173" 
   174 "   174" 
   175 "   175" 
   176 "   176" 
   177 "   177" 
   178 "   178" 
   179 "   179" 
   180 "   180" 
   181 "   181" 
   182 "   182" 
   183 "   183" 
   184 "   184" 
   185 "   185" 
   186 "   186" 
   187 "   187" 
   188 "   188" 
   189 "   189" 
   190 "   190" 
   191 "   191" 
   192 "   192" 
   193 "   193" 
   194 "   194" 
   195 "   195" 
   196 "   196" 
   197 "   197" 
   198 "   198" 
   199 "   199" 
   200 "   200" 
   201 "   201" 
   202 "   202" 
   203 "   203" 
   204 "   204" 
   205 "   205" 
   206 "   206" 
   207 "   207" 
   208 "   208" 
   209 "   209" 
   210 "   210" 
   211 "   211" 
   212 "   212" 
   213 "   213" 
   214 "   214" 
   215 "   215" 
   216 "   216" 
   217 "   217" 
   218 "   218" 
   219 "   219" 
   220 "   220" 
   221 "   221" 
   222 "   222" 
   223 "   223" 
   224 "   224" 
   225 "   225" 
   226 "   226" 
   227 "   227" 
   228 "   228" 
   229 "   229" 
   230 "   230" 
   231 "   231" 
   232 "   232" 
   233 "   233" 
   234 "   234" 
   235 "   235" 
   236 "   236" 
   237 "   237" 
   238 "   238" 
   239 "   239" 
   240 "   240" 
   241 "   241" 
   242 "   242" 
   243 "   243" 
   244 "   244" 
   245 "   245" 
   246 "   246" 
   247 "   247" 
   248 "   248" 
   249 "   249" 
   250 "   250" 
   251 "   251" 
   252 "   252" 
   253 "   253" 
   254 "   254" 
   255 "   255" 
   256 "   256" 
   257 "   257" 
   258 "   258" 
   259 "   259" 
   260 "   260" 
   261 "   261" 
   262 "   262" 
   263 "   263" 
   264 "   264" 
*edges 
     1      2 0.342737 
     1    127 0.000000 
     1    142 0.606908 
     1    157 0.574997 
     1    169 0.572560 
     1    171 0.660932 
     1    184 0.000000 
     1    185 0.000000 
     2      1 0.342737 
     2    140 0.695534 
     2    141 0.806638 
     2    142 0.619405 
     2    147 0.590322 
     2    158 0.853622 
     2    162 0.575665 
     2    165 0.645200 
     2    170 0.629265 
     2    171 0.606869 
     2    172 0.577860 
     3    180 0.367834 
     4    253 0.436668 
     5    182 0.520529 
     5    249 0.481917 
     6     77 0.334712 
     7    109 0.335742 
     8    243 0.571068 
     8    244 0.678445 
     8    247 0.422629 
     9     11 0.592135 
     9    116 0.902587 
     9    119 0.776758 
     9    179 0.868335 
    10    249 0.561734 
    11      9 0.592135 
    11    116 0.799940 
    11    179 0.831622 
    12    210 0.387595 
    13     32 0.564346 
    13    134 0.545074 
    13    136 0.608256 
    13    203 0.563154 
    14     15 0.511956 
    15     14 0.511956 
    15     39 0.562706 
    15     51 0.535309 
    16     47 0.514517 
    17     31 0.574165 
    17     34 0.604362 
    17     39 0.692002 
    17     40 0.660649 
    17     47 0.576344 
    18     21 0.511064 
    18     39 0.599075 
    18    138 0.537609 
    19     22 0.547691 
    19     27 0.495079 
    19     47 0.573049 
    20     33 0.747302 
    20    259 0.594415 
    21     18 0.511064 
    21     29 0.673038 
    22     19 0.547691 
    22     32 0.657913 
    22     38 0.711466 
    23     31 0.703906 
    23     34 0.630576 
    24     37 0.587659 
    25     28 0.659960 
    25     32 0.605598 
    25    256 0.657782 
    25    260 0.611814 
    25    264 0.491451 
    26     72 0.449026 
    27     19 0.495079 
    27     37 0.763624 
    27    100 0.481676 
    28     25 0.659960 
    28    156 0.615927 
    28    162 0.580758 
    29     21 0.673038 
    29     36 0.525256 
    29     41 0.525835 
    30     32 0.693107 
    30     33 0.572901 
    30     38 0.590410 
    30    263 0.633165 
    31     17 0.574165 
    31     23 0.703906 
    31     34 0.567183 
    31     50 0.572634 
    31     53 0.581263 
    32     13 0.564346 
    32     22 0.657913 
    32     25 0.605598 
    32     30 0.693107 
    32     38 0.720743 
    32    251 0.646643 
    33     20 0.747302 
    33     30 0.572901 
    33    259 0.668575 
    34     17 0.604362 
    34     23 0.630576 
    34     31 0.567183 
    34     39 0.589298 
    34     40 0.572374 
    34     42 0.503948 
    34     49 0.495184 
    35     50 0.742058 
    36     29 0.525256 
    37     24 0.587659 
    37     27 0.763624 
    38     22 0.711466 
    38     30 0.590410 
    38     32 0.720743 
    39     15 0.562706 
    39     17 0.692002 
    39     18 0.599075 
    39     34 0.589298 
    39     40 0.701150 
    39     47 0.574220 
    40     17 0.660649 
    40     34 0.572374 
    40     39 0.701150 
    41     29 0.525835 
    42     34 0.503948 
    42     45 0.624147 
    43     60 0.499865 
    43     67 0.628395 
    44     45 0.505002 
    44     72 0.532718 
    45     42 0.624147 
    45     44 0.505002 
    46     72 0.571360 
    47     16 0.514517 
    47     17 0.576344 
    47     19 0.573049 
    47     39 0.574220 
    47     54 0.586034 
    47    174 0.474798 
    48     65 0.628365 
    49     34 0.495184 
    50     31 0.572634 
    50     35 0.742058 
    51     15 0.535309 
    52     60 0.569685 
    52     82 0.376470 
    52    211 0.566023 
    52    229 0.436454 
    53     31 0.581263 
    54     47 0.586034 
    55     57 0.501420 
    55     70 0.524338 
    55     72 0.539081 
    56     71 0.533635 
    57     55 0.501420 
    58    237 0.471640 
    59    212 0.710686 
    59    213 0.726468 
    59    215 0.674752 
    59    216 0.651904 
    60     43 0.499865 
    60     52 0.569685 
    60    210 0.496413 
    60    231 0.481456 
    61     63 0.470008 
    62     63 0.501174 
    63     61 0.470008 
    63     62 0.501174 
    63     66 0.534337 
    64     70 0.612952 
    64     73 0.531314 
    65     48 0.628365 
    65     66 0.555173 
    65     67 0.568540 
    65     68 0.617785 
    66     63 0.534337 
    66     65 0.555173 
    67     43 0.628395 
    67     65 0.568540 
    67     70 0.613634 
    68     65 0.617785 
    68     69 0.438719 
    69     68 0.438719 
    70     55 0.524338 
    70     64 0.612952 
    70     67 0.613634 
    70     71 0.662751 
    71     56 0.533635 
    71     70 0.662751 
    72     26 0.449026 
    72     44 0.532718 
    72     46 0.571360 
    72     55 0.539081 
    73     64 0.531314 
    74    189 0.368700 
    75     78 0.527688 
    75    260 0.453547 
    76    110 0.559904 
    77      6 0.334712 
    77     95 0.615175 
    77    124 0.400335 
    77    156 0.598308 
    77    159 0.575674 
    77    160 0.669020 
    78     75 0.527688 
    79    120 0.449975 
    80    156 0.540877 
    81    117 0.563889 
    81    129 0.648182 
    82     52 0.376470 
    83     84 0.504601 
    84     83 0.504601 
    84    118 0.594135 
    84    120 0.579724 
    85    112 0.308112 
    86     87 0.763375 
    86     88 0.577966 
    87     86 0.763375 
    87     88 0.626716 
    87     91 0.638839 
    87    114 0.545870 
    87    115 0.528704 
    87    201 0.624402 
    88     86 0.577966 
    88     87 0.626716 
    88     89 0.689649 
    88     91 0.638526 
    89     88 0.689649 
    89     91 0.597060 
    89     92 0.726488 
    89    134 0.711329 
    89    135 0.699709 
    90     93 0.648561 
    90     95 0.729606 
    90    156 0.572101 
    90    159 0.618471 
    90    160 0.702544 
    90    163 0.618153 
    90    166 0.568246 
    90    167 0.581801 
    91     87 0.638839 
    91     88 0.638526 
    91     89 0.597060 
    91     92 0.580861 
    91    133 0.568483 
    92     89 0.726488 
    92     91 0.580861 
    92     96 0.574754 
    92    134 0.636790 
    92    135 0.695506 
    92    192 0.609413 
    93     90 0.648561 
    93     95 0.701343 
    93    145 0.716513 
    93    146 0.679895 
    93    147 0.603636 
    93    152 0.668839 
    93    155 0.585381 
    93    156 0.708513 
    93    159 0.821479 
    93    160 0.685685 
    93    163 0.776269 
    93    166 0.715584 
    93    167 0.763397 
    93    170 0.573586 
    93    260 0.612427 
    94    133 0.736532 
    94    134 0.564577 
    94    221 0.689598 
    95     77 0.615175 
    95     90 0.729606 
    95     93 0.701343 
    95    145 0.581835 
    95    159 0.577310 
    95    160 0.656908 
    95    163 0.599530 
    95    167 0.587414 
    95    260 0.580413 
    96     92 0.574754 
    96    130 0.572017 
    96    192 0.615863 
    97    101 0.667709 
    97    121 0.508288 
    97    196 0.562669 
    98     99 0.676420 
    98    121 0.510583 
    99     98 0.676420 
   100     27 0.481676 
   101     97 0.667709 
   101    206 0.393650 
   101    219 0.467103 
   102    103 0.508083 
   102    121 0.470005 
   103    102 0.508083 
   104    133 0.518526 
   105    106 0.518736 
   105    115 0.490057 
   106    105 0.518736 
   107    109 0.571404 
   107    110 0.567895 
   107    111 0.641738 
   107    113 0.601331 
   108    109 0.533345 
   109      7 0.335742 
   109    107 0.571404 
   109    108 0.533345 
   109    110 0.678600 
   110     76 0.559904 
   110    107 0.567895 
   110    109 0.678600 
   111    107 0.641738 
   112     85 0.308112 
   112    202 0.585622 
   113    107 0.601331 
   113    115 0.593325 
   113    122 0.474876 
   113    212 0.572957 
   114     87 0.545870 
   115     87 0.528704 
   115    105 0.490057 
   115    113 0.593325 
   115    214 0.498263 
   116      9 0.902587 
   116     11 0.799940 
   116    119 0.695341 
   116    179 0.961570 
   117     81 0.563889 
   117    118 0.579464 
   117    120 0.570604 
   118     84 0.594135 
   118    117 0.579464 
   118    120 0.694566 
   118    132 0.508959 
   118    236 0.519806 
   119      9 0.776758 
   119    116 0.695341 
   119    179 0.639604 
   120     79 0.449975 
   120     84 0.579724 
   120    117 0.570604 
   120    118 0.694566 
   120    137 0.478808 
   121     97 0.508288 
   121     98 0.510583 
   121    102 0.470005 
   122    113 0.474876 
   122    200 0.387019 
   123    125 0.402239 
   124     77 0.400335 
   124    126 0.470983 
   125    123 0.402239 
   125    143 0.524295 
   126    124 0.470983 
   127      1 0.000000 
   128    226 0.337519 
   128    239 0.539079 
   128    249 0.685970 
   129     81 0.648182 
   130     96 0.572017 
   131    236 0.565284 
   132    118 0.508959 
   133     91 0.568483 
   133     94 0.736532 
   133    104 0.518526 
   133    221 0.651082 
   134     13 0.545074 
   134     89 0.711329 
   134     92 0.636790 
   134     94 0.564577 
   134    135 0.829942 
   134    221 0.636566 
   135     89 0.699709 
   135     92 0.695506 
   135    134 0.829942 
   135    192 0.571852 
   135    221 0.612729 
   136     13 0.608256 
   137    120 0.478808 
   137    241 0.486091 
   138     18 0.537609 
   138    178 0.520293 
   139    241 0.446949 
   140      2 0.695534 
   140    141 0.779978 
   140    142 0.752143 
   140    144 0.568032 
   140    145 0.668088 
   140    146 0.662919 
   140    147 0.713288 
   140    148 0.577425 
   140    149 0.719758 
   140    150 0.582070 
   140    151 0.588080 
   140    155 0.717660 
   140    156 0.616164 
   140    157 0.731043 
   140    158 0.812205 
   140    162 0.781212 
   140    163 0.591102 
   140    165 0.768708 
   140    167 0.644501 
   140    168 0.735863 
   140    169 0.733857 
   140    170 0.882959 
   140    171 0.741764 
   140    172 0.706133 
   140    173 0.567695 
   140    183 0.593992 
   140    243 0.578335 
   140    244 0.591757 
   140    256 0.676518 
   140    260 0.656898 
   141      2 0.806638 
   141    140 0.779978 
   141    142 0.781535 
   141    145 0.612733 
   141    146 0.604367 
   141    147 0.673413 
   141    149 0.564813 
   141    150 0.603351 
   141    157 0.628830 
   141    158 0.938217 
   141    162 0.637367 
   141    165 0.752852 
   141    167 0.565426 
   141    168 0.620338 
   141    169 0.585346 
   141    170 0.728508 
   141    171 0.636037 
   141    172 0.662366 
   142      1 0.606908 
   142      2 0.619405 
   142    140 0.752143 
   142    141 0.781535 
   142    145 0.667647 
   142    146 0.746000 
   142    147 0.660754 
   142    149 0.596745 
   142    151 0.592387 
   142    155 0.625369 
   142    157 0.655108 
   142    158 0.813368 
   142    162 0.649849 
   142    163 0.581986 
   142    165 0.683082 
   142    167 0.703776 
   142    168 0.654012 
   142    169 0.572530 
   142    170 0.742408 
   142    171 0.666343 
   142    172 0.703083 
   142    183 0.618969 
   142    260 0.616046 
   143    125 0.524295 
   143    151 0.587369 
   143    183 0.593377 
   143    245 0.579392 
   144    140 0.568032 
   144    147 0.594743 
   144    148 0.635863 
   144    150 0.611185 
   144    151 0.588383 
   144    157 0.643133 
   144    165 0.645766 
   144    168 0.603541 
   144    169 0.696023 
   144    171 0.589241 
   144    172 0.609391 
   144    173 0.729656 
   144    256 0.585571 
   144    257 0.666450 
   144    262 0.569282 
   145     93 0.716513 
   145     95 0.581835 
   145    140 0.668088 
   145    141 0.612733 
   145    142 0.667647 
   145    146 0.841651 
   145    147 0.655086 
   145    148 0.645646 
   145    151 0.666841 
   145    152 0.691323 
   145    155 0.678105 
   145    156 0.683719 
   145    157 0.611037 
   145    158 0.707292 
   145    159 0.610973 
   145    160 0.647048 
   145    162 0.637546 
   145    163 0.858636 
   145    165 0.709484 
   145    167 0.839558 
   145    170 0.822186 
   145    183 0.592963 
   145    260 0.645163 
   146     93 0.679895 
   146    140 0.662919 
   146    141 0.604367 
   146    142 0.746000 
   146    145 0.841651 
   146    147 0.724107 
   146    148 0.628227 
   146    149 0.601650 
   146    151 0.764686 
   146    152 0.706133 
   146    155 0.743724 
   146    156 0.679931 
   146    157 0.623739 
   146    158 0.670287 
   146    159 0.652087 
   146    160 0.673765 
   146    162 0.655312 
   146    163 0.751807 
   146    164 0.605206 
   146    165 0.740820 
   146    167 0.821604 
   146    168 0.591182 
   146    170 0.756394 
   146    171 0.641978 
   146    172 0.650770 
   146    183 0.729646 
   146    243 0.575736 
   146    260 0.636120 
   147      2 0.590322 
   147     93 0.603636 
   147    140 0.713288 
   147    141 0.673413 
   147    142 0.660754 
   147    144 0.594743 
   147    145 0.655086 
   147    146 0.724107 
   147    148 0.665442 
   147    149 0.786078 
   147    150 0.695435 
   147    151 0.706657 
   147    152 0.599126 
   147    155 0.740863 
   147    156 0.641138 
   147    157 0.838290 
   147    158 0.698805 
   147    160 0.591171 
   147    162 0.762195 
   147    164 0.616445 
   147    165 0.775824 
   147    167 0.658454 
   147    168 0.737667 
   147    169 0.760045 
   147    170 0.708558 
   147    171 0.805786 
   147    172 0.752483 
   147    173 0.596355 
   147    183 0.737280 
   147    243 0.667032 
   147    245 0.597474 
   147    256 0.705008 
   147    260 0.750560 
   148    140 0.577425 
   148    144 0.635863 
   148    145 0.645646 
   148    146 0.628227 
   148    147 0.665442 
   148    150 0.677797 
   148    151 0.733032 
   148    157 0.612691 
   148    160 0.566937 
   148    165 0.803873 
   148    170 0.596012 
   148    172 0.601173 
   148    173 0.605413 
   148    183 0.673211 
   148    245 0.574877 
   149    140 0.719758 
   149    141 0.564813 
   149    142 0.596745 
   149    146 0.601650 
   149    147 0.786078 
   149    151 0.576647 
   149    155 0.830438 
   149    157 0.764298 
   149    158 0.591466 
   149    162 0.841113 
   149    165 0.634097 
   149    167 0.565555 
   149    168 0.744035 
   149    169 0.775728 
   149    170 0.676904 
   149    171 0.873317 
   149    172 0.650416 
   149    183 0.593845 
   149    256 0.736232 
   149    260 0.721619 
   150    140 0.582070 
   150    141 0.603351 
   150    144 0.611185 
   150    147 0.695435 
   150    148 0.677797 
   150    151 0.661256 
   150    157 0.603250 
   150    158 0.605352 
   150    165 0.725148 
   150    168 0.603003 
   150    169 0.594791 
   150    171 0.577470 
   150    172 0.661156 
   150    173 0.617921 
   150    183 0.703721 
   150    243 0.656758 
   150    244 0.602441 
   150    245 0.674728 
   150    257 0.582033 
   151    140 0.588080 
   151    142 0.592387 
   151    143 0.587369 
   151    144 0.588383 
   151    145 0.666841 
   151    146 0.764686 
   151    147 0.706657 
   151    148 0.733032 
   151    149 0.576647 
   151    150 0.661256 
   151    152 0.677955 
   151    155 0.601628 
   151    156 0.609343 
   151    157 0.622803 
   151    159 0.594392 
   151    160 0.628536 
   151    162 0.609501 
   151    164 0.711462 
   151    165 0.764949 
   151    167 0.597172 
   151    168 0.660295 
   151    169 0.598697 
   151    170 0.625718 
   151    171 0.662111 
   151    172 0.706196 
   151    173 0.573709 
   151    183 0.889438 
   151    243 0.677194 
   151    245 0.709344 
   151    260 0.570880 
   152     93 0.668839 
   152    145 0.691323 
   152    146 0.706133 
   152    147 0.599126 
   152    151 0.677955 
   152    155 0.612202 
   152    156 0.571222 
   152    159 0.691728 
   152    160 0.680908 
   152    163 0.639849 
   152    164 0.597679 
   152    166 0.684637 
   152    167 0.723463 
   152    183 0.592950 
   152    260 0.572078 
   153    173 0.556784 
   153    179 0.538575 
   154    164 0.740829 
   154    168 0.671519 
   154    172 0.723203 
   154    239 0.556801 
   154    243 0.584173 
   154    244 0.597267 
   155     93 0.585381 
   155    140 0.717660 
   155    142 0.625369 
   155    145 0.678105 
   155    146 0.743724 
   155    147 0.740863 
   155    149 0.830438 
   155    151 0.601628 
   155    152 0.612202 
   155    156 0.766420 
   155    157 0.686030 
   155    158 0.613085 
   155    159 0.614234 
   155    160 0.653579 
   155    162 0.839990 
   155    163 0.674393 
   155    165 0.632010 
   155    166 0.578195 
   155    167 0.760852 
   155    168 0.674722 
   155    169 0.662921 
   155    170 0.732384 
   155    171 0.709632 
   155    172 0.592804 
   155    183 0.600217 
   155    243 0.579499 
   155    256 0.632052 
   155    260 0.742151 
   156     28 0.615927 
   156     77 0.598308 
   156     80 0.540877 
   156     90 0.572101 
   156     93 0.708513 
   156    140 0.616164 
   156    145 0.683719 
   156    146 0.679931 
   156    147 0.641138 
   156    151 0.609343 
   156    152 0.571222 
   156    155 0.766420 
   156    158 0.575062 
   156    159 0.778460 
   156    160 0.765972 
   156    162 0.723768 
   156    163 0.782580 
   156    165 0.577327 
   156    166 0.693634 
   156    167 0.698110 
   156    170 0.617412 
   156    172 0.565076 
   156    183 0.604234 
   156    243 0.635540 
   156    245 0.614233 
   156    260 0.601131 
   157      1 0.574997 
   157    140 0.731043 
   157    141 0.628830 
   157    142 0.655108 
   157    144 0.643133 
   157    145 0.611037 
   157    146 0.623739 
   157    147 0.838290 
   157    148 0.612691 
   157    149 0.764298 
   157    150 0.603250 
   157    151 0.622803 
   157    155 0.686030 
   157    158 0.662420 
   157    162 0.778462 
   157    164 0.611681 
   157    165 0.725041 
   157    167 0.611983 
   157    168 0.705173 
   157    169 0.798529 
   157    170 0.726042 
   157    171 0.782871 
   157    172 0.700656 
   157    173 0.628181 
   157    183 0.607777 
   157    243 0.606876 
   157    256 0.720101 
   157    257 0.571656 
   157    260 0.700306 
   158      2 0.853622 
   158    140 0.812205 
   158    141 0.938217 
   158    142 0.813368 
   158    145 0.707292 
   158    146 0.670287 
   158    147 0.698805 
   158    149 0.591466 
   158    150 0.605352 
   158    155 0.613085 
   158    156 0.575062 
   158    157 0.662420 
   158    162 0.674431 
   158    163 0.615347 
   158    165 0.762592 
   158    167 0.652399 
   158    168 0.641121 
   158    169 0.605007 
   158    170 0.784177 
   158    171 0.656215 
   158    172 0.680639 
   158    183 0.580025 
   158    256 0.573178 
   158    260 0.623035 
   159     77 0.575674 
   159     90 0.618471 
   159     93 0.821479 
   159     95 0.577310 
   159    145 0.610973 
   159    146 0.652087 
   159    151 0.594392 
   159    152 0.691728 
   159    155 0.614234 
   159    156 0.778460 
   159    160 0.777976 
   159    163 0.716193 
   159    164 0.638317 
   159    166 0.850118 
   159    167 0.700913 
   159    243 0.569805 
   159    245 0.599083 
   160     77 0.669020 
   160     90 0.702544 
   160     93 0.685685 
   160     95 0.656908 
   160    145 0.647048 
   160    146 0.673765 
   160    147 0.591171 
   160    148 0.566937 
   160    151 0.628536 
   160    152 0.680908 
   160    155 0.653579 
   160    156 0.765972 
   160    159 0.777976 
   160    163 0.710916 
   160    164 0.577334 
   160    166 0.777321 
   160    167 0.678508 
   160    183 0.638684 
   160    243 0.569024 
   160    245 0.597905 
   160    260 0.576032 
   161    173 0.574687 
   161    257 0.645969 
   162      2 0.575665 
   162     28 0.580758 
   162    140 0.781212 
   162    141 0.637367 
   162    142 0.649849 
   162    145 0.637546 
   162    146 0.655312 
   162    147 0.762195 
   162    149 0.841113 
   162    151 0.609501 
   162    155 0.839990 
   162    156 0.723768 
   162    157 0.778462 
   162    158 0.674431 
   162    163 0.592756 
   162    165 0.665220 
   162    167 0.655881 
   162    168 0.761764 
   162    169 0.816232 
   162    170 0.735533 
   162    171 0.802108 
   162    172 0.685317 
   162    183 0.609085 
   162    243 0.623361 
   162    245 0.572431 
   162    256 0.723567 
   162    260 0.714695 
   163     90 0.618153 
   163     93 0.776269 
   163     95 0.599530 
   163    140 0.591102 
   163    142 0.581986 
   163    145 0.858636 
   163    146 0.751807 
   163    152 0.639849 
   163    155 0.674393 
   163    156 0.782580 
   163    158 0.615347 
   163    159 0.716193 
   163    160 0.710916 
   163    162 0.592756 
   163    166 0.626093 
   163    167 0.863921 
   163    170 0.673595 
   163    260 0.591487 
   164    146 0.605206 
   164    147 0.616445 
   164    151 0.711462 
   164    152 0.597679 
   164    154 0.740829 
   164    157 0.611681 
   164    159 0.638317 
   164    160 0.577334 
   164    165 0.601361 
   164    166 0.601913 
   164    168 0.627315 
   164    171 0.568378 
   164    172 0.696176 
   164    183 0.656930 
   164    243 0.574713 
   164    245 0.629954 
   164    252 0.619635 
   165      2 0.645200 
   165    140 0.768708 
   165    141 0.752852 
   165    142 0.683082 
   165    144 0.645766 
   165    145 0.709484 
   165    146 0.740820 
   165    147 0.775824 
   165    148 0.803873 
   165    149 0.634097 
   165    150 0.725148 
   165    151 0.764949 
   165    155 0.632010 
   165    156 0.577327 
   165    157 0.725041 
   165    158 0.762592 
   165    162 0.665220 
   165    164 0.601361 
   165    167 0.590067 
   165    168 0.704504 
   165    169 0.645138 
   165    170 0.774134 
   165    171 0.687177 
   165    172 0.779596 
   165    173 0.656687 
   165    183 0.774076 
   165    243 0.566107 
   165    245 0.575097 
   165    260 0.614962 
   166     90 0.568246 
   166     93 0.715584 
   166    152 0.684637 
   166    155 0.578195 
   166    156 0.693634 
   166    159 0.850118 
   166    160 0.777321 
   166    163 0.626093 
   166    164 0.601913 
   166    167 0.656945 
   166    236 0.578112 
   167     90 0.581801 
   167     93 0.763397 
   167     95 0.587414 
   167    140 0.644501 
   167    141 0.565426 
   167    142 0.703776 
   167    145 0.839558 
   167    146 0.821604 
   167    147 0.658454 
   167    149 0.565555 
   167    151 0.597172 
   167    152 0.723463 
   167    155 0.760852 
   167    156 0.698110 
   167    157 0.611983 
   167    158 0.652399 
   167    159 0.700913 
   167    160 0.678508 
   167    162 0.655881 
   167    163 0.863921 
   167    165 0.590067 
   167    166 0.656945 
   167    170 0.723244 
   167    260 0.661732 
   168    140 0.735863 
   168    141 0.620338 
   168    142 0.654012 
   168    144 0.603541 
   168    146 0.591182 
   168    147 0.737667 
   168    149 0.744035 
   168    150 0.603003 
   168    151 0.660295 
   168    154 0.671519 
   168    155 0.674722 
   168    157 0.705173 
   168    158 0.641121 
   168    162 0.761764 
   168    164 0.627315 
   168    165 0.704504 
   168    169 0.797174 
   168    170 0.687278 
   168    171 0.832932 
   168    172 0.845401 
   168    173 0.649400 
   168    183 0.687338 
   168    243 0.660514 
   168    244 0.632549 
   168    245 0.569125 
   168    256 0.672281 
   168    260 0.644138 
   169      1 0.572560 
   169    140 0.733857 
   169    141 0.585346 
   169    142 0.572530 
   169    144 0.696023 
   169    147 0.760045 
   169    149 0.775728 
   169    150 0.594791 
   169    151 0.598697 
   169    155 0.662921 
   169    157 0.798529 
   169    158 0.605007 
   169    162 0.816232 
   169    165 0.645138 
   169    168 0.797174 
   169    170 0.691651 
   169    171 0.847501 
   169    172 0.722598 
   169    173 0.720509 
   169    183 0.593262 
   169    243 0.641518 
   169    244 0.572411 
   169    245 0.575894 
   169    256 0.791333 
   169    260 0.650147 
   170      2 0.629265 
   170     93 0.573586 
   170    140 0.882959 
   170    141 0.728508 
   170    142 0.742408 
   170    145 0.822186 
   170    146 0.756394 
   170    147 0.708558 
   170    148 0.596012 
   170    149 0.676904 
   170    151 0.625718 
   170    155 0.732384 
   170    156 0.617412 
   170    157 0.726042 
   170    158 0.784177 
   170    162 0.735533 
   170    163 0.673595 
   170    165 0.774134 
   170    167 0.723244 
   170    168 0.687278 
   170    169 0.691651 
   170    171 0.698691 
   170    172 0.655550 
   170    183 0.579791 
   170    256 0.643818 
   170    260 0.688163 
   171      1 0.660932 
   171      2 0.606869 
   171    140 0.741764 
   171    141 0.636037 
   171    142 0.666343 
   171    144 0.589241 
   171    146 0.641978 
   171    147 0.805786 
   171    149 0.873317 
   171    150 0.577470 
   171    151 0.662111 
   171    155 0.709632 
   171    157 0.782871 
   171    158 0.656215 
   171    162 0.802108 
   171    164 0.568378 
   171    165 0.687177 
   171    168 0.832932 
   171    169 0.847501 
   171    170 0.698691 
   171    172 0.792653 
   171    173 0.609594 
   171    183 0.683030 
   171    243 0.612171 
   171    256 0.744702 
   171    260 0.687958 
   172      2 0.577860 
   172    140 0.706133 
   172    141 0.662366 
   172    142 0.703083 
   172    144 0.609391 
   172    146 0.650770 
   172    147 0.752483 
   172    148 0.601173 
   172    149 0.650416 
   172    150 0.661156 
   172    151 0.706196 
   172    154 0.723203 
   172    155 0.592804 
   172    156 0.565076 
   172    157 0.700656 
   172    158 0.680639 
   172    162 0.685317 
   172    164 0.696176 
   172    165 0.779596 
   172    168 0.845401 
   172    169 0.722598 
   172    170 0.655550 
   172    171 0.792653 
   172    173 0.686058 
   172    183 0.767130 
   172    243 0.659211 
   172    244 0.636600 
   172    245 0.626978 
   172    256 0.586024 
   172    260 0.604344 
   173    140 0.567695 
   173    144 0.729656 
   173    147 0.596355 
   173    148 0.605413 
   173    150 0.617921 
   173    151 0.573709 
   173    153 0.556784 
   173    157 0.628181 
   173    161 0.574687 
   173    165 0.656687 
   173    168 0.649400 
   173    169 0.720509 
   173    171 0.609594 
   173    172 0.686058 
   173    257 0.568970 
   174     47 0.474798 
   175    196 0.539420 
   176    187 0.584785 
   176    198 0.567461 
   177    190 0.572786 
   178    138 0.520293 
   179      9 0.868335 
   179     11 0.831622 
   179    116 0.961570 
   179    119 0.639604 
   179    153 0.538575 
   180      3 0.367834 
   180    255 0.356957 
   181    190 0.453022 
   182      5 0.520529 
   183    140 0.593992 
   183    142 0.618969 
   183    143 0.593377 
   183    145 0.592963 
   183    146 0.729646 
   183    147 0.737280 
   183    148 0.673211 
   183    149 0.593845 
   183    150 0.703721 
   183    151 0.889438 
   183    152 0.592950 
   183    155 0.600217 
   183    156 0.604234 
   183    157 0.607777 
   183    158 0.580025 
   183    160 0.638684 
   183    162 0.609085 
   183    164 0.656930 
   183    165 0.774076 
   183    168 0.687338 
   183    169 0.593262 
   183    170 0.579791 
   183    171 0.683030 
   183    172 0.767130 
   183    243 0.740404 
   183    244 0.580844 
   183    245 0.731473 
   183    260 0.575733 
   184      1 0.000000 
   185      1 0.000000 
   186    205 0.305014 
   187    176 0.584785 
   187    196 0.550060 
   188    197 0.576132 
   189     74 0.368700 
   189    255 0.597146 
   190    177 0.572786 
   190    181 0.453022 
   190    192 0.630408 
   190    196 0.659192 
   190    204 0.762574 
   190    255 0.553205 
   191    256 0.644336 
   191    260 0.663273 
   192     92 0.609413 
   192     96 0.615863 
   192    135 0.571852 
   192    190 0.630408 
   192    199 0.622236 
   193    213 0.468885 
   194    260 0.558568 
   195    199 0.582242 
   196     97 0.562669 
   196    175 0.539420 
   196    187 0.550060 
   196    190 0.659192 
   197    188 0.576132 
   197    220 0.539671 
   198    176 0.567461 
   199    192 0.622236 
   199    195 0.582242 
   200    122 0.387019 
   201     87 0.624402 
   202    112 0.585622 
   202    213 0.682274 
   203     13 0.563154 
   204    190 0.762574 
   204    235 0.546007 
   205    186 0.305014 
   205    213 0.484460 
   206    101 0.393650 
   207    210 0.426679 
   208    209 0.494905 
   208    242 0.423557 
   209    208 0.494905 
   209    210 0.524494 
   210     12 0.387595 
   210     60 0.496413 
   210    207 0.426679 
   210    209 0.524494 
   211     52 0.566023 
   211    234 0.438698 
   212     59 0.710686 
   212    113 0.572957 
   212    213 0.623864 
   212    215 0.606613 
   212    216 0.654669 
   213     59 0.726468 
   213    193 0.468885 
   213    202 0.682274 
   213    205 0.484460 
   213    212 0.623864 
   213    216 0.665018 
   214    115 0.498263 
   214    220 0.485450 
   215     59 0.674752 
   215    212 0.606613 
   215    216 0.610175 
   216     59 0.651904 
   216    212 0.654669 
   216    213 0.665018 
   216    215 0.610175 
   216    217 0.493324 
   217    216 0.493324 
   218    219 0.481556 
   219    101 0.467103 
   219    218 0.481556 
   220    197 0.539671 
   220    214 0.485450 
   221     94 0.689598 
   221    133 0.651082 
   221    134 0.636566 
   221    135 0.612729 
   222    226 0.710407 
   223    224 0.527400 
   223    234 0.568553 
   224    223 0.527400 
   224    225 0.666412 
   225    224 0.666412 
   226    128 0.337519 
   226    222 0.710407 
   227    228 0.459970 
   227    230 0.650614 
   227    232 0.402692 
   228    227 0.459970 
   228    233 0.502452 
   229     52 0.436454 
   230    227 0.650614 
   230    231 0.531846 
   231     60 0.481456 
   231    230 0.531846 
   232    227 0.402692 
   233    228 0.502452 
   234    211 0.438698 
   234    223 0.568553 
   235    204 0.546007 
   235    240 0.575748 
   236    118 0.519806 
   236    131 0.565284 
   236    166 0.578112 
   236    237 0.593055 
   236    252 0.637768 
   237     58 0.471640 
   237    236 0.593055 
   238    239 0.491281 
   239    128 0.539079 
   239    154 0.556801 
   239    238 0.491281 
   240    235 0.575748 
   241    137 0.486091 
   241    139 0.446949 
   242    208 0.423557 
   243      8 0.571068 
   243    140 0.578335 
   243    146 0.575736 
   243    147 0.667032 
   243    150 0.656758 
   243    151 0.677194 
   243    154 0.584173 
   243    155 0.579499 
   243    156 0.635540 
   243    157 0.606876 
   243    159 0.569805 
   243    160 0.569024 
   243    162 0.623361 
   243    164 0.574713 
   243    165 0.566107 
   243    168 0.660514 
   243    169 0.641518 
   243    171 0.612171 
   243    172 0.659211 
   243    183 0.740404 
   243    244 0.747600 
   243    245 0.732088 
   243    250 0.580544 
   243    253 0.590149 
   243    260 0.575748 
   243    262 0.574589 
   244      8 0.678445 
   244    140 0.591757 
   244    150 0.602441 
   244    154 0.597267 
   244    168 0.632549 
   244    169 0.572411 
   244    172 0.636600 
   244    183 0.580844 
   244    243 0.747600 
   244    245 0.646312 
   244    254 0.496186 
   245    143 0.579392 
   245    147 0.597474 
   245    148 0.574877 
   245    150 0.674728 
   245    151 0.709344 
   245    156 0.614233 
   245    159 0.599083 
   245    160 0.597905 
   245    162 0.572431 
   245    164 0.629954 
   245    165 0.575097 
   245    168 0.569125 
   245    169 0.575894 
   245    172 0.626978 
   245    183 0.731473 
   245    243 0.732088 
   245    244 0.646312 
   246    250 0.441939 
   247      8 0.422629 
   248    250 0.620327 
   249      5 0.481917 
   249     10 0.561734 
   249    128 0.685970 
   250    243 0.580544 
   250    246 0.441939 
   250    248 0.620327 
   251     32 0.646643 
   251    263 0.571655 
   252    164 0.619635 
   252    236 0.637768 
   253      4 0.436668 
   253    243 0.590149 
   254    244 0.496186 
   255    180 0.356957 
   255    189 0.597146 
   255    190 0.553205 
   256     25 0.657782 
   256    140 0.676518 
   256    144 0.585571 
   256    147 0.705008 
   256    149 0.736232 
   256    155 0.632052 
   256    157 0.720101 
   256    158 0.573178 
   256    162 0.723567 
   256    168 0.672281 
   256    169 0.791333 
   256    170 0.643818 
   256    171 0.744702 
   256    172 0.586024 
   256    191 0.644336 
   256    257 0.589805 
   256    260 0.755761 
   257    144 0.666450 
   257    150 0.582033 
   257    157 0.571656 
   257    161 0.645969 
   257    173 0.568970 
   257    256 0.589805 
   258    263 0.502409 
   259     20 0.594415 
   259     33 0.668575 
   259    261 0.532987 
   260     25 0.611814 
   260     75 0.453547 
   260     93 0.612427 
   260     95 0.580413 
   260    140 0.656898 
   260    142 0.616046 
   260    145 0.645163 
   260    146 0.636120 
   260    147 0.750560 
   260    149 0.721619 
   260    151 0.570880 
   260    152 0.572078 
   260    155 0.742151 
   260    156 0.601131 
   260    157 0.700306 
   260    158 0.623035 
   260    160 0.576032 
   260    162 0.714695 
   260    163 0.591487 
   260    165 0.614962 
   260    167 0.661732 
   260    168 0.644138 
   260    169 0.650147 
   260    170 0.688163 
   260    171 0.687958 
   260    172 0.604344 
   260    183 0.575733 
   260    191 0.663273 
   260    194 0.558568 
   260    243 0.575748 
   260    256 0.755761 
   261    259 0.532987 
   262    144 0.569282 
   262    243 0.574589 
   263     30 0.633165 
   263    251 0.571655 
   263    258 0.502409 
   264     25 0.491451 
