*vertices    264 
     1 "     1" 
     2 "     2" 
     3 "     3" 
     4 "     4" 
     5 "     5" 
     6 "     6" 
     7 "     7" 
     8 "     8" 
     9 "     9" 
    10 "    10" 
    11 "    11" 
    12 "    12" 
    13 "    13" 
    14 "    14" 
    15 "    15" 
    16 "    16" 
    17 "    17" 
    18 "    18" 
    19 "    19" 
    20 "    20" 
    21 "    21" 
    22 "    22" 
    23 "    23" 
    24 "    24" 
    25 "    25" 
    26 "    26" 
    27 "    27" 
    28 "    28" 
    29 "    29" 
    30 "    30" 
    31 "    31" 
    32 "    32" 
    33 "    33" 
    34 "    34" 
    35 "    35" 
    36 "    36" 
    37 "    37" 
    38 "    38" 
    39 "    39" 
    40 "    40" 
    41 "    41" 
    42 "    42" 
    43 "    43" 
    44 "    44" 
    45 "    45" 
    46 "    46" 
    47 "    47" 
    48 "    48" 
    49 "    49" 
    50 "    50" 
    51 "    51" 
    52 "    52" 
    53 "    53" 
    54 "    54" 
    55 "    55" 
    56 "    56" 
    57 "    57" 
    58 "    58" 
    59 "    59" 
    60 "    60" 
    61 "    61" 
    62 "    62" 
    63 "    63" 
    64 "    64" 
    65 "    65" 
    66 "    66" 
    67 "    67" 
    68 "    68" 
    69 "    69" 
    70 "    70" 
    71 "    71" 
    72 "    72" 
    73 "    73" 
    74 "    74" 
    75 "    75" 
    76 "    76" 
    77 "    77" 
    78 "    78" 
    79 "    79" 
    80 "    80" 
    81 "    81" 
    82 "    82" 
    83 "    83" 
    84 "    84" 
    85 "    85" 
    86 "    86" 
    87 "    87" 
    88 "    88" 
    89 "    89" 
    90 "    90" 
    91 "    91" 
    92 "    92" 
    93 "    93" 
    94 "    94" 
    95 "    95" 
    96 "    96" 
    97 "    97" 
    98 "    98" 
    99 "    99" 
   100 "   100" 
   101 "   101" 
   102 "   102" 
   103 "   103" 
   104 "   104" 
   105 "   105" 
   106 "   106" 
   107 "   107" 
   108 "   108" 
   109 "   109" 
   110 "   110" 
   111 "   111" 
   112 "   112" 
   113 "   113" 
   114 "   114" 
   115 "   115" 
   116 "   116" 
   117 "   117" 
   118 "   118" 
   119 "   119" 
   120 "   120" 
   121 "   121" 
   122 "   122" 
   123 "   123" 
   124 "   124" 
   125 "   125" 
   126 "   126" 
   127 "   127" 
   128 "   128" 
   129 "   129" 
   130 "   130" 
   131 "   131" 
   132 "   132" 
   133 "   133" 
   134 "   134" 
   135 "   135" 
   136 "   136" 
   137 "   137" 
   138 "   138" 
   139 "   139" 
   140 "   140" 
   141 "   141" 
   142 "   142" 
   143 "   143" 
   144 "   144" 
   145 "   145" 
   146 "   146" 
   147 "   147" 
   148 "   148" 
   149 "   149" 
   150 "   150" 
   151 "   151" 
   152 "   152" 
   153 "   153" 
   154 "   154" 
   155 "   155" 
   156 "   156" 
   157 "   157" 
   158 "   158" 
   159 "   159" 
   160 "   160" 
   161 "   161" 
   162 "   162" 
   163 "   163" 
   164 "   164" 
   165 "   165" 
   166 "   166" 
   167 "   167" 
   168 "   168" 
   169 "   169" 
   170 "   170" 
   171 "   171" 
   172 "   172" 
   173 "   173" 
   174 "   174" 
   175 "   175" 
   176 "   176" 
   177 "   177" 
   178 "   178" 
   179 "   179" 
   180 "   180" 
   181 "   181" 
   182 "   182" 
   183 "   183" 
   184 "   184" 
   185 "   185" 
   186 "   186" 
   187 "   187" 
   188 "   188" 
   189 "   189" 
   190 "   190" 
   191 "   191" 
   192 "   192" 
   193 "   193" 
   194 "   194" 
   195 "   195" 
   196 "   196" 
   197 "   197" 
   198 "   198" 
   199 "   199" 
   200 "   200" 
   201 "   201" 
   202 "   202" 
   203 "   203" 
   204 "   204" 
   205 "   205" 
   206 "   206" 
   207 "   207" 
   208 "   208" 
   209 "   209" 
   210 "   210" 
   211 "   211" 
   212 "   212" 
   213 "   213" 
   214 "   214" 
   215 "   215" 
   216 "   216" 
   217 "   217" 
   218 "   218" 
   219 "   219" 
   220 "   220" 
   221 "   221" 
   222 "   222" 
   223 "   223" 
   224 "   224" 
   225 "   225" 
   226 "   226" 
   227 "   227" 
   228 "   228" 
   229 "   229" 
   230 "   230" 
   231 "   231" 
   232 "   232" 
   233 "   233" 
   234 "   234" 
   235 "   235" 
   236 "   236" 
   237 "   237" 
   238 "   238" 
   239 "   239" 
   240 "   240" 
   241 "   241" 
   242 "   242" 
   243 "   243" 
   244 "   244" 
   245 "   245" 
   246 "   246" 
   247 "   247" 
   248 "   248" 
   249 "   249" 
   250 "   250" 
   251 "   251" 
   252 "   252" 
   253 "   253" 
   254 "   254" 
   255 "   255" 
   256 "   256" 
   257 "   257" 
   258 "   258" 
   259 "   259" 
   260 "   260" 
   261 "   261" 
   262 "   262" 
   263 "   263" 
   264 "   264" 
*edges 
     1      2 0.408909 
     1    142 0.613473 
     2      1 0.408909 
     3    179 0.594202 
     3    180 0.658256 
     4     10 0.308346 
     5    111 0.541816 
     6      7 0.576346 
     7      6 0.576346 
     7     77 0.514493 
     8    248 0.319226 
     9     11 0.645203 
     9     96 0.671357 
     9    102 0.585119 
     9    119 0.652790 
     9    121 0.609138 
     9    130 0.581839 
     9    139 0.585698 
     9    192 0.658228 
     9    204 0.633678 
    10      4 0.308346 
    10     12 0.278816 
    11      9 0.645203 
    11    119 0.634068 
    11    121 0.594130 
    11    130 0.590240 
    11    139 0.604954 
    12     10 0.278816 
    12     86 0.627843 
    12     87 0.653493 
    12     90 0.584345 
    12     91 0.584010 
    12     92 0.688028 
    12     97 0.576972 
    12    100 0.608946 
    12    133 0.583731 
    12    175 0.758594 
    12    193 0.582352 
    12    194 0.718513 
    13     22 0.649235 
    13     30 0.553398 
    13    136 0.645723 
    13    251 0.674238 
    14     41 0.263633 
    15     23 0.593105 
    15     39 0.621759 
    15     53 0.651393 
    15     54 0.582644 
    15    136 0.630141 
    15    138 0.529204 
    15    159 0.576556 
    16     47 0.574707 
    17     19 0.576495 
    17     31 0.709626 
    17     35 0.632782 
    17     39 0.739532 
    17     40 0.723337 
    18     19 0.730557 
    18     22 0.616059 
    18     31 0.621254 
    18     35 0.669485 
    18     39 0.712609 
    18     50 0.580455 
    19     17 0.576495 
    19     18 0.730557 
    19     22 0.655470 
    19     31 0.659974 
    19     39 0.653019 
    20     33 0.712664 
    20     55 0.476055 
    20     69 0.683452 
    20    252 0.543842 
    21     27 0.644910 
    21     29 0.558290 
    21     31 0.555246 
    21     36 0.485531 
    21     67 0.503085 
    22     13 0.649235 
    22     18 0.616059 
    22     19 0.655470 
    22     32 0.660365 
    22    203 0.625860 
    22    251 0.715060 
    23     15 0.593105 
    23     31 0.611460 
    23     34 0.643022 
    23     35 0.651555 
    23     39 0.606210 
    23     50 0.586843 
    23     53 0.603143 
    24     61 0.541797 
    25     32 0.633965 
    26     41 0.513566 
    26     42 0.669095 
    26     44 0.647561 
    27     21 0.644910 
    28     64 0.553276 
    29     21 0.558290 
    30     13 0.553398 
    30    205 0.534844 
    31     17 0.709626 
    31     18 0.621254 
    31     19 0.659974 
    31     21 0.555246 
    31     23 0.611460 
    31     35 0.783728 
    31     39 0.709657 
    31     40 0.700814 
    32     22 0.660365 
    32     25 0.633965 
    32    203 0.681276 
    33     20 0.712664 
    33     69 0.576164 
    33    255 0.631546 
    34     23 0.643022 
    35     17 0.632782 
    35     18 0.669485 
    35     23 0.651555 
    35     31 0.783728 
    35     39 0.664943 
    35     50 0.624241 
    36     21 0.485531 
    36     37 0.411962 
    37     36 0.411962 
    38    156 0.518486 
    39     15 0.621759 
    39     17 0.739532 
    39     18 0.712609 
    39     19 0.653019 
    39     23 0.606210 
    39     31 0.709657 
    39     35 0.664943 
    39     40 0.771200 
    39    203 0.652701 
    40     17 0.723337 
    40     31 0.700814 
    40     39 0.771200 
    41     14 0.263633 
    41     26 0.513566 
    42     26 0.669095 
    42     44 0.882046 
    42     47 0.638336 
    42     70 0.667873 
    42     71 0.624244 
    42    245 0.624568 
    43     44 0.612168 
    44     26 0.647561 
    44     42 0.882046 
    44     43 0.612168 
    44     46 0.553502 
    44     70 0.660674 
    44     71 0.653365 
    45     69 0.485873 
    46     44 0.553502 
    47     16 0.574707 
    47     42 0.638336 
    47     51 0.465434 
    47     54 0.748654 
    47     58 0.605373 
    47     59 0.582237 
    47     60 0.590969 
    48     72 0.720924 
    48    255 0.741523 
    49     53 0.594298 
    49    264 0.477203 
    50     18 0.580455 
    50     23 0.586843 
    50     35 0.624241 
    51     47 0.465434 
    52     60 0.517833 
    53     15 0.651393 
    53     23 0.603143 
    53     49 0.594298 
    53     54 0.625054 
    54     15 0.582644 
    54     47 0.748654 
    54     53 0.625054 
    54     58 0.595829 
    54     59 0.639692 
    54     60 0.603920 
    54    213 0.750234 
    55     20 0.476055 
    56     57 0.588221 
    56     58 0.769291 
    56     59 0.683799 
    56     60 0.707637 
    56    189 0.615521 
    56    203 0.582285 
    56    209 0.645932 
    56    213 0.578826 
    56    217 0.678775 
    56    220 0.683213 
    57     56 0.588221 
    57     60 0.577142 
    58     47 0.605373 
    58     54 0.595829 
    58     56 0.769291 
    58     59 0.620949 
    58     60 0.695292 
    58     65 0.604185 
    59     47 0.582237 
    59     54 0.639692 
    59     56 0.683799 
    59     58 0.620949 
    59    212 0.598703 
    59    213 0.739532 
    59    215 0.589458 
    59    217 0.699295 
    59    220 0.653283 
    60     47 0.590969 
    60     52 0.517833 
    60     54 0.603920 
    60     56 0.707637 
    60     57 0.577142 
    60     58 0.695292 
    60    217 0.584905 
    61     24 0.541797 
    61     64 0.589641 
    61     66 0.657774 
    61     73 0.666369 
    61    232 0.569778 
    62     65 0.454295 
    62    240 0.728816 
    63     66 0.607152 
    63     70 0.669012 
    63     71 0.620322 
    64     28 0.553276 
    64     61 0.589641 
    64     66 0.677569 
    64     73 0.583712 
    65     58 0.604185 
    65     62 0.454295 
    65     66 0.695508 
    65    238 0.651964 
    65    239 0.471134 
    66     61 0.657774 
    66     63 0.607152 
    66     64 0.677569 
    66     65 0.695508 
    66     70 0.578356 
    66     73 0.674899 
    67     21 0.503085 
    68    203 0.573861 
    69     20 0.683452 
    69     33 0.576164 
    69     45 0.485873 
    70     42 0.667873 
    70     44 0.660674 
    70     63 0.669012 
    70     66 0.578356 
    70     71 0.641483 
    71     42 0.624244 
    71     44 0.653365 
    71     63 0.620322 
    71     70 0.641483 
    72     48 0.720924 
    72    254 0.521812 
    72    255 0.713127 
    72    256 0.613487 
    73     61 0.666369 
    73     64 0.583712 
    73     66 0.674899 
    74     80 0.574701 
    75    106 0.468922 
    76     88 0.585041 
    76     91 0.609454 
    76    107 0.634769 
    76    109 0.627625 
    76    110 0.639302 
    76    262 0.390685 
    77      7 0.514493 
    77     88 0.585555 
    77     90 0.698310 
    77     91 0.666968 
    77     95 0.596908 
    78    180 0.518260 
    79     94 0.385686 
    80     74 0.574701 
    80     87 0.576221 
    81    103 0.607933 
    81    128 0.576589 
    81    129 0.634422 
    82     88 0.640339 
    82     91 0.578819 
    82     92 0.582671 
    82     95 0.576193 
    82     97 0.576287 
    82    102 0.587503 
    82    105 0.642637 
    82    129 0.769659 
    83     84 0.715941 
    83     96 0.650565 
    83     98 0.661645 
    83     99 0.685175 
    83    102 0.602719 
    83    104 0.656870 
    83    106 0.633953 
    83    111 0.597511 
    83    112 0.688217 
    83    120 0.606091 
    83    177 0.783326 
    83    192 0.617137 
    83    195 0.634302 
    84     83 0.715941 
    84     86 0.581029 
    84    104 0.630031 
    84    177 0.649801 
    84    194 0.596539 
    84    195 0.692760 
    85    105 0.634622 
    85    113 0.585644 
    86     12 0.627843 
    86     84 0.581029 
    86     87 0.633000 
    86     88 0.636917 
    86     89 0.587461 
    86     91 0.631349 
    86     92 0.621953 
    86    100 0.635312 
    86    104 0.613044 
    86    175 0.577810 
    86    177 0.591921 
    86    194 0.646011 
    86    195 0.718060 
    87     12 0.653493 
    87     80 0.576221 
    87     86 0.633000 
    87     89 0.612390 
    87     92 0.588974 
    87    100 0.596832 
    87    175 0.696178 
    87    193 0.626299 
    87    194 0.679461 
    88     76 0.585041 
    88     77 0.585555 
    88     82 0.640339 
    88     86 0.636917 
    88     89 0.742424 
    88     90 0.731035 
    88     91 0.796708 
    88     92 0.809818 
    88     95 0.754595 
    88     97 0.596678 
    88    100 0.613196 
    88    101 0.591096 
    88    105 0.603240 
    88    194 0.585684 
    88    195 0.607933 
    89     86 0.587461 
    89     87 0.612390 
    89     88 0.742424 
    89     91 0.626273 
    89     92 0.823761 
    89     95 0.640567 
    89     97 0.724234 
    89    100 0.644381 
    89    101 0.686856 
    89    105 0.608869 
    89    116 0.586690 
    89    130 0.639780 
    89    175 0.651409 
    89    193 0.754813 
    89    194 0.697345 
    90     12 0.584345 
    90     77 0.698310 
    90     88 0.731035 
    90     91 0.732998 
    90     92 0.667195 
    90     95 0.778189 
    91     12 0.584010 
    91     76 0.609454 
    91     77 0.666968 
    91     82 0.578819 
    91     86 0.631349 
    91     88 0.796708 
    91     89 0.626273 
    91     90 0.732998 
    91     92 0.732798 
    91     95 0.760644 
    92     12 0.688028 
    92     82 0.582671 
    92     86 0.621953 
    92     87 0.588974 
    92     88 0.809818 
    92     89 0.823761 
    92     90 0.667195 
    92     91 0.732798 
    92     95 0.732585 
    92     97 0.699907 
    92    100 0.619508 
    92    101 0.637944 
    92    105 0.626535 
    92    110 0.578518 
    92    116 0.583024 
    92    130 0.583960 
    92    175 0.672360 
    92    193 0.648217 
    92    194 0.736002 
    92    195 0.578844 
    93    135 0.674395 
    94     79 0.385686 
    94    133 0.549894 
    95     77 0.596908 
    95     82 0.576193 
    95     88 0.754595 
    95     89 0.640567 
    95     90 0.778189 
    95     91 0.760644 
    95     92 0.732585 
    96      9 0.671357 
    96     83 0.650565 
    96     97 0.625056 
    96     99 0.587622 
    96    101 0.618618 
    96    112 0.599576 
    96    121 0.635260 
    96    130 0.753092 
    96    139 0.633955 
    96    177 0.746814 
    96    192 0.814641 
    96    196 0.749990 
    96    204 0.666201 
    97     12 0.576972 
    97     82 0.576287 
    97     88 0.596678 
    97     89 0.724234 
    97     92 0.699907 
    97     96 0.625056 
    97     98 0.713100 
    97    100 0.694075 
    97    101 0.778653 
    97    102 0.759697 
    97    104 0.678338 
    97    105 0.703199 
    97    110 0.594170 
    97    116 0.606991 
    97    121 0.617149 
    97    130 0.643239 
    97    175 0.640877 
    97    192 0.577782 
    97    193 0.714397 
    97    194 0.655069 
    97    196 0.610292 
    98     83 0.661645 
    98     97 0.713100 
    98     99 0.696998 
    98    100 0.692370 
    98    102 0.699402 
    98    104 0.713032 
    98    106 0.613866 
    98    112 0.702262 
    98    121 0.636601 
    98    177 0.616021 
    98    178 0.581730 
    98    192 0.613465 
    98    196 0.586297 
    98    218 0.578830 
    99     83 0.685175 
    99     96 0.587622 
    99     98 0.696998 
    99    100 0.581879 
    99    103 0.633964 
    99    104 0.631321 
    99    112 0.620630 
    99    121 0.628258 
    99    177 0.704754 
   100     12 0.608946 
   100     86 0.635312 
   100     87 0.596832 
   100     88 0.613196 
   100     89 0.644381 
   100     92 0.619508 
   100     97 0.694075 
   100     98 0.692370 
   100     99 0.581879 
   100    101 0.610322 
   100    102 0.683901 
   100    104 0.643134 
   100    106 0.578331 
   100    114 0.601709 
   100    120 0.659978 
   100    127 0.587830 
   100    130 0.611557 
   100    137 0.638858 
   100    175 0.703160 
   100    177 0.647691 
   100    185 0.587730 
   100    193 0.699213 
   100    194 0.689129 
   100    196 0.591019 
   100    201 0.652711 
   101     88 0.591096 
   101     89 0.686856 
   101     92 0.637944 
   101     96 0.618618 
   101     97 0.778653 
   101    100 0.610322 
   101    102 0.646626 
   101    104 0.599848 
   101    105 0.680317 
   101    110 0.583753 
   101    116 0.597796 
   101    192 0.577419 
   101    193 0.600376 
   101    196 0.597646 
   102      9 0.585119 
   102     82 0.587503 
   102     83 0.602719 
   102     97 0.759697 
   102     98 0.699402 
   102    100 0.683901 
   102    101 0.646626 
   102    103 0.606978 
   102    104 0.614982 
   102    105 0.680836 
   102    106 0.708525 
   102    119 0.585259 
   102    121 0.622944 
   102    129 0.618952 
   102    130 0.588227 
   102    139 0.732178 
   102    177 0.578555 
   102    193 0.627506 
   102    194 0.622971 
   102    196 0.587070 
   103     81 0.607933 
   103     99 0.633964 
   103    102 0.606978 
   103    121 0.614138 
   103    137 0.643183 
   103    177 0.601350 
   103    242 0.656369 
   104     83 0.656870 
   104     84 0.630031 
   104     86 0.613044 
   104     97 0.678338 
   104     98 0.713032 
   104     99 0.631321 
   104    100 0.643134 
   104    101 0.599848 
   104    102 0.614982 
   104    112 0.637857 
   104    115 0.588656 
   104    175 0.586034 
   104    177 0.642224 
   104    194 0.595857 
   104    195 0.693260 
   105     82 0.642637 
   105     85 0.634622 
   105     88 0.603240 
   105     89 0.608869 
   105     92 0.626535 
   105     97 0.703199 
   105    101 0.680317 
   105    102 0.680836 
   105    106 0.647175 
   105    110 0.655706 
   105    113 0.600427 
   105    115 0.583820 
   105    116 0.627135 
   105    121 0.576724 
   105    129 0.631421 
   105    137 0.589596 
   105    139 0.591592 
   106     75 0.468922 
   106     83 0.633953 
   106     98 0.613866 
   106    100 0.578331 
   106    102 0.708525 
   106    105 0.647175 
   106    110 0.601494 
   106    139 0.624659 
   106    142 0.696059 
   107     76 0.634769 
   107    109 0.656265 
   107    110 0.670469 
   107    111 0.655966 
   107    113 0.606868 
   107    195 0.592090 
   108    109 0.641822 
   108    110 0.698054 
   108    113 0.610890 
   108    215 0.598085 
   109     76 0.627625 
   109    107 0.656265 
   109    108 0.641822 
   109    110 0.705878 
   109    113 0.623442 
   110     76 0.639302 
   110     92 0.578518 
   110     97 0.594170 
   110    101 0.583753 
   110    105 0.655706 
   110    106 0.601494 
   110    107 0.670469 
   110    108 0.698054 
   110    109 0.705878 
   110    111 0.634514 
   110    113 0.602671 
   111      5 0.541816 
   111     83 0.597511 
   111    107 0.655966 
   111    110 0.634514 
   111    113 0.583680 
   111    195 0.620180 
   112     83 0.688217 
   112     96 0.599576 
   112     98 0.702262 
   112     99 0.620630 
   112    104 0.637857 
   112    175 0.619979 
   112    177 0.629223 
   112    186 0.642699 
   112    188 0.661589 
   112    190 0.604543 
   112    192 0.622631 
   112    196 0.653605 
   112    202 0.644501 
   112    208 0.666673 
   112    216 0.714587 
   112    218 0.624207 
   113     85 0.585644 
   113    105 0.600427 
   113    107 0.606868 
   113    108 0.610890 
   113    109 0.623442 
   113    110 0.602671 
   113    111 0.583680 
   113    115 0.643832 
   113    122 0.682451 
   113    132 0.479318 
   113    215 0.668987 
   113    219 0.593161 
   114    100 0.601709 
   114    137 0.582089 
   115    104 0.588656 
   115    105 0.583820 
   115    113 0.643832 
   116     89 0.586690 
   116     92 0.583024 
   116     97 0.606991 
   116    101 0.597796 
   116    105 0.627135 
   117    123 0.507636 
   118    137 0.502669 
   119      9 0.652790 
   119     11 0.634068 
   119    102 0.585259 
   119    121 0.583320 
   119    128 0.586471 
   119    130 0.580035 
   119    139 0.602713 
   119    207 0.642708 
   120     83 0.606091 
   120    100 0.659978 
   120    177 0.621855 
   121      9 0.609138 
   121     11 0.594130 
   121     96 0.635260 
   121     97 0.617149 
   121     98 0.636601 
   121     99 0.628258 
   121    102 0.622944 
   121    103 0.614138 
   121    105 0.576724 
   121    119 0.583320 
   121    139 0.592330 
   121    207 0.623267 
   122    113 0.682451 
   122    189 0.595687 
   122    209 0.611769 
   122    215 0.760758 
   122    219 0.674308 
   123    117 0.507636 
   123    129 0.452192 
   124    160 0.515588 
   125    126 0.491804 
   126    125 0.491804 
   126    160 0.504085 
   127    100 0.587830 
   127    184 0.604301 
   127    185 0.626491 
   128     81 0.576589 
   128    119 0.586471 
   128    129 0.585234 
   129     81 0.634422 
   129     82 0.769659 
   129    102 0.618952 
   129    105 0.631421 
   129    123 0.452192 
   129    128 0.585234 
   129    137 0.590371 
   129    139 0.614747 
   130      9 0.581839 
   130     11 0.590240 
   130     89 0.639780 
   130     92 0.583960 
   130     96 0.753092 
   130     97 0.643239 
   130    100 0.611557 
   130    102 0.588227 
   130    119 0.580035 
   130    139 0.612106 
   130    175 0.671359 
   130    183 0.597630 
   130    192 0.673548 
   130    193 0.604393 
   130    196 0.656822 
   131    174 0.537684 
   131    236 0.613527 
   131    237 0.666567 
   132    113 0.479318 
   133     12 0.583731 
   133     94 0.549894 
   133    191 0.620095 
   133    194 0.687981 
   133    195 0.674510 
   134    145 0.628522 
   134    156 0.634579 
   134    159 0.670326 
   134    160 0.639213 
   134    163 0.682356 
   134    166 0.725516 
   134    167 0.613747 
   134    260 0.670075 
   135     93 0.674395 
   135    221 0.663886 
   136     13 0.645723 
   136     15 0.630141 
   137    100 0.638858 
   137    103 0.643183 
   137    105 0.589596 
   137    114 0.582089 
   137    118 0.502669 
   137    129 0.590371 
   137    139 0.649478 
   137    195 0.577224 
   137    242 0.669213 
   138     15 0.529204 
   139      9 0.585698 
   139     11 0.604954 
   139     96 0.633955 
   139    102 0.732178 
   139    105 0.591592 
   139    106 0.624659 
   139    119 0.602713 
   139    121 0.592330 
   139    129 0.614747 
   139    130 0.612106 
   139    137 0.649478 
   139    177 0.647613 
   139    192 0.582330 
   139    207 0.590863 
   139    250 0.563961 
   140    146 0.611949 
   141    151 0.574547 
   141    158 0.307958 
   141    164 0.443510 
   141    173 0.431606 
   142      1 0.613473 
   142    106 0.696059 
   143    163 0.533187 
   144    169 0.573663 
   145    134 0.628522 
   145    146 0.681841 
   145    148 0.668095 
   145    152 0.705696 
   145    156 0.594965 
   145    159 0.637486 
   145    160 0.685860 
   145    163 0.637967 
   145    166 0.620696 
   145    167 0.771760 
   145    170 0.792289 
   145    260 0.644860 
   146    140 0.611949 
   146    145 0.681841 
   146    149 0.608602 
   146    151 0.597109 
   146    152 0.640855 
   146    155 0.625120 
   146    167 0.715645 
   146    170 0.656872 
   147    157 0.501754 
   148    145 0.668095 
   148    152 0.648258 
   148    160 0.648649 
   148    170 0.591223 
   149    146 0.608602 
   149    151 0.592290 
   149    155 0.641727 
   149    162 0.630138 
   149    167 0.598225 
   149    171 0.556831 
   150    162 0.606365 
   151    141 0.574547 
   151    146 0.597109 
   151    149 0.592290 
   151    154 0.637834 
   151    155 0.643245 
   151    156 0.616089 
   151    162 0.638624 
   151    165 0.656066 
   151    166 0.617369 
   151    167 0.696385 
   151    172 0.594699 
   152    145 0.705696 
   152    146 0.640855 
   152    148 0.648258 
   152    159 0.614385 
   152    160 0.626622 
   152    167 0.644848 
   152    170 0.647958 
   153    161 0.460263 
   153    172 0.574742 
   154    151 0.637834 
   154    155 0.681701 
   154    156 0.592249 
   154    162 0.672622 
   154    166 0.584899 
   154    167 0.641676 
   154    168 0.621676 
   155    146 0.625120 
   155    149 0.641727 
   155    151 0.643245 
   155    154 0.681701 
   155    156 0.759571 
   155    159 0.644922 
   155    162 0.663913 
   155    163 0.621573 
   155    166 0.655185 
   155    167 0.786506 
   156     38 0.518486 
   156    134 0.634579 
   156    145 0.594965 
   156    151 0.616089 
   156    154 0.592249 
   156    155 0.759571 
   156    159 0.778101 
   156    160 0.604196 
   156    162 0.725700 
   156    163 0.757666 
   156    166 0.733846 
   156    167 0.741847 
   156    260 0.680491 
   157    147 0.501754 
   157    162 0.569719 
   158    141 0.307958 
   159     15 0.576556 
   159    134 0.670326 
   159    145 0.637486 
   159    152 0.614385 
   159    155 0.644922 
   159    156 0.778101 
   159    160 0.664900 
   159    162 0.658585 
   159    163 0.769213 
   159    166 0.760058 
   159    167 0.736333 
   159    258 0.598262 
   159    260 0.682881 
   160    124 0.515588 
   160    126 0.504085 
   160    134 0.639213 
   160    145 0.685860 
   160    148 0.648649 
   160    152 0.626622 
   160    156 0.604196 
   160    159 0.664900 
   160    163 0.634841 
   160    166 0.629749 
   160    167 0.676832 
   160    260 0.646035 
   161    153 0.460263 
   162    149 0.630138 
   162    150 0.606365 
   162    151 0.638624 
   162    154 0.672622 
   162    155 0.663913 
   162    156 0.725700 
   162    157 0.569719 
   162    159 0.658585 
   162    163 0.639747 
   162    166 0.690178 
   162    167 0.709166 
   162    169 0.553252 
   162    260 0.610569 
   163    134 0.682356 
   163    143 0.533187 
   163    145 0.637967 
   163    155 0.621573 
   163    156 0.757666 
   163    159 0.769213 
   163    160 0.634841 
   163    162 0.639747 
   163    166 0.754510 
   163    167 0.758349 
   163    260 0.659077 
   164    141 0.443510 
   165    151 0.656066 
   165    172 0.626237 
   166    134 0.725516 
   166    145 0.620696 
   166    151 0.617369 
   166    154 0.584899 
   166    155 0.655185 
   166    156 0.733846 
   166    159 0.760058 
   166    160 0.629749 
   166    162 0.690178 
   166    163 0.754510 
   166    167 0.780403 
   166    260 0.738563 
   167    134 0.613747 
   167    145 0.771760 
   167    146 0.715645 
   167    149 0.598225 
   167    151 0.696385 
   167    152 0.644848 
   167    154 0.641676 
   167    155 0.786506 
   167    156 0.741847 
   167    159 0.736333 
   167    160 0.676832 
   167    162 0.709166 
   167    163 0.758349 
   167    166 0.780403 
   167    170 0.619683 
   167    260 0.676157 
   168    154 0.621676 
   169    144 0.573663 
   169    162 0.553252 
   170    145 0.792289 
   170    146 0.656872 
   170    148 0.591223 
   170    152 0.647958 
   170    167 0.619683 
   171    149 0.556831 
   172    151 0.594699 
   172    153 0.574742 
   172    165 0.626237 
   172    253 0.436691 
   173    141 0.431606 
   173    257 0.360840 
   174    131 0.537684 
   174    202 0.582886 
   174    242 0.619716 
   175     12 0.758594 
   175     86 0.577810 
   175     87 0.696178 
   175     89 0.651409 
   175     92 0.672360 
   175     97 0.640877 
   175    100 0.703160 
   175    104 0.586034 
   175    112 0.619979 
   175    130 0.671359 
   175    183 0.633247 
   175    186 0.760481 
   175    190 0.596543 
   175    192 0.611221 
   175    193 0.712447 
   175    194 0.737112 
   175    196 0.697617 
   175    201 0.647305 
   175    216 0.649475 
   176    186 0.584751 
   176    187 0.711837 
   176    188 0.653777 
   176    191 0.578910 
   177     83 0.783326 
   177     84 0.649801 
   177     86 0.591921 
   177     96 0.746814 
   177     98 0.616021 
   177     99 0.704754 
   177    100 0.647691 
   177    102 0.578555 
   177    103 0.601350 
   177    104 0.642224 
   177    112 0.629223 
   177    120 0.621855 
   177    139 0.647613 
   177    192 0.664970 
   177    194 0.605360 
   177    195 0.704214 
   177    196 0.634291 
   178     98 0.581730 
   179      3 0.594202 
   179    186 0.631810 
   179    190 0.670314 
   179    194 0.599117 
   180      3 0.658256 
   180     78 0.518260 
   180    181 0.708427 
   181    180 0.708427 
   182    250 0.380935 
   183    130 0.597630 
   183    175 0.633247 
   183    184 0.577087 
   183    186 0.674395 
   183    192 0.592792 
   183    196 0.603462 
   183    234 0.581238 
   183    243 0.552643 
   184    127 0.604301 
   184    183 0.577087 
   184    185 0.591583 
   185    100 0.587730 
   185    127 0.626491 
   185    184 0.591583 
   186    112 0.642699 
   186    175 0.760481 
   186    176 0.584751 
   186    179 0.631810 
   186    183 0.674395 
   186    187 0.690700 
   186    188 0.593074 
   186    190 0.734212 
   186    192 0.620016 
   186    196 0.759872 
   186    199 0.610621 
   186    208 0.601664 
   186    216 0.775861 
   186    218 0.693724 
   187    176 0.711837 
   187    186 0.690700 
   187    188 0.730665 
   187    191 0.634634 
   187    198 0.674905 
   187    201 0.651950 
   187    202 0.698243 
   187    208 0.645542 
   187    216 0.646413 
   187    259 0.629554 
   188    112 0.661589 
   188    176 0.653777 
   188    186 0.593074 
   188    187 0.730665 
   188    191 0.626013 
   188    198 0.644631 
   188    202 0.660494 
   188    216 0.616696 
   189     56 0.615521 
   189    122 0.595687 
   189    197 0.635080 
   189    206 0.627551 
   189    209 0.725875 
   189    215 0.708514 
   189    217 0.629036 
   189    219 0.610867 
   189    220 0.639039 
   190    112 0.604543 
   190    175 0.596543 
   190    179 0.670314 
   190    186 0.734212 
   190    192 0.713550 
   190    194 0.611498 
   190    196 0.704979 
   190    216 0.608393 
   190    218 0.639458 
   191    133 0.620095 
   191    176 0.578910 
   191    187 0.634634 
   191    188 0.626013 
   191    201 0.605251 
   191    259 0.606187 
   192      9 0.658228 
   192     83 0.617137 
   192     96 0.814641 
   192     97 0.577782 
   192     98 0.613465 
   192    101 0.577419 
   192    112 0.622631 
   192    130 0.673548 
   192    139 0.582330 
   192    175 0.611221 
   192    177 0.664970 
   192    183 0.592792 
   192    186 0.620016 
   192    190 0.713550 
   192    194 0.587139 
   192    196 0.819750 
   192    204 0.685135 
   192    218 0.710864 
   193     12 0.582352 
   193     87 0.626299 
   193     89 0.754813 
   193     92 0.648217 
   193     97 0.714397 
   193    100 0.699213 
   193    101 0.600376 
   193    102 0.627506 
   193    130 0.604393 
   193    175 0.712447 
   193    194 0.659020 
   194     12 0.718513 
   194     84 0.596539 
   194     86 0.646011 
   194     87 0.679461 
   194     88 0.585684 
   194     89 0.697345 
   194     92 0.736002 
   194     97 0.655069 
   194    100 0.689129 
   194    102 0.622971 
   194    104 0.595857 
   194    133 0.687981 
   194    175 0.737112 
   194    177 0.605360 
   194    179 0.599117 
   194    190 0.611498 
   194    192 0.587139 
   194    193 0.659020 
   194    195 0.655811 
   194    196 0.632559 
   195     83 0.634302 
   195     84 0.692760 
   195     86 0.718060 
   195     88 0.607933 
   195     92 0.578844 
   195    104 0.693260 
   195    107 0.592090 
   195    111 0.620180 
   195    133 0.674510 
   195    137 0.577224 
   195    177 0.704214 
   195    194 0.655811 
   196     96 0.749990 
   196     97 0.610292 
   196     98 0.586297 
   196    100 0.591019 
   196    101 0.597646 
   196    102 0.587070 
   196    112 0.653605 
   196    130 0.656822 
   196    175 0.697617 
   196    177 0.634291 
   196    183 0.603462 
   196    186 0.759872 
   196    190 0.704979 
   196    192 0.819750 
   196    194 0.632559 
   196    216 0.595020 
   196    218 0.641873 
   197    189 0.635080 
   197    202 0.620542 
   197    215 0.643952 
   197    218 0.604860 
   198    187 0.674905 
   198    188 0.644631 
   198    201 0.620098 
   198    202 0.602058 
   198    208 0.590378 
   199    186 0.610621 
   199    218 0.658508 
   200    204 0.624107 
   200    218 0.643386 
   201    100 0.652711 
   201    175 0.647305 
   201    187 0.651950 
   201    191 0.605251 
   201    198 0.620098 
   202    112 0.644501 
   202    174 0.582886 
   202    187 0.698243 
   202    188 0.660494 
   202    197 0.620542 
   202    198 0.602058 
   202    208 0.714664 
   202    213 0.594207 
   202    215 0.668147 
   202    216 0.746003 
   203     22 0.625860 
   203     32 0.681276 
   203     39 0.652701 
   203     56 0.582285 
   203     68 0.573861 
   204      9 0.633678 
   204     96 0.666201 
   204    192 0.685135 
   204    200 0.624107 
   204    218 0.691628 
   205     30 0.534844 
   205    261 0.582427 
   206    189 0.627551 
   206    219 0.584597 
   207    119 0.642708 
   207    121 0.623267 
   207    139 0.590863 
   207    209 0.604390 
   207    219 0.597631 
   207    241 0.551701 
   208    112 0.666673 
   208    186 0.601664 
   208    187 0.645542 
   208    198 0.590378 
   208    202 0.714664 
   208    209 0.629832 
   208    216 0.704173 
   208    218 0.630855 
   209     56 0.645932 
   209    122 0.611769 
   209    189 0.725875 
   209    207 0.604390 
   209    208 0.629832 
   209    210 0.572422 
   209    213 0.595259 
   209    215 0.706826 
   209    217 0.657812 
   209    218 0.630661 
   210    209 0.572422 
   211    216 0.579152 
   212     59 0.598703 
   212    217 0.589930 
   212    220 0.633409 
   213     54 0.750234 
   213     56 0.578826 
   213     59 0.739532 
   213    202 0.594207 
   213    209 0.595259 
   213    215 0.627391 
   213    217 0.639587 
   214    219 0.623968 
   214    242 0.614503 
   215     59 0.589458 
   215    108 0.598085 
   215    113 0.668987 
   215    122 0.760758 
   215    189 0.708514 
   215    197 0.643952 
   215    202 0.668147 
   215    209 0.706826 
   215    213 0.627391 
   215    216 0.611155 
   215    217 0.654026 
   215    219 0.618773 
   216    112 0.714587 
   216    175 0.649475 
   216    186 0.775861 
   216    187 0.646413 
   216    188 0.616696 
   216    190 0.608393 
   216    196 0.595020 
   216    202 0.746003 
   216    208 0.704173 
   216    211 0.579152 
   216    215 0.611155 
   216    218 0.685642 
   216    234 0.614685 
   217     56 0.678775 
   217     59 0.699295 
   217     60 0.584905 
   217    189 0.629036 
   217    209 0.657812 
   217    212 0.589930 
   217    213 0.639587 
   217    215 0.654026 
   217    220 0.591019 
   218     98 0.578830 
   218    112 0.624207 
   218    186 0.693724 
   218    190 0.639458 
   218    192 0.710864 
   218    196 0.641873 
   218    197 0.604860 
   218    199 0.658508 
   218    200 0.643386 
   218    204 0.691628 
   218    208 0.630855 
   218    209 0.630661 
   218    216 0.685642 
   218    221 0.584506 
   219    113 0.593161 
   219    122 0.674308 
   219    189 0.610867 
   219    206 0.584597 
   219    207 0.597631 
   219    214 0.623968 
   219    215 0.618773 
   220     56 0.683213 
   220     59 0.653283 
   220    189 0.639039 
   220    212 0.633409 
   220    217 0.591019 
   221    135 0.663886 
   221    218 0.584506 
   222    224 0.520258 
   222    226 0.679097 
   223    224 0.613808 
   223    228 0.608363 
   223    233 0.648316 
   223    234 0.802463 
   224    222 0.520258 
   224    223 0.613808 
   224    225 0.783941 
   224    234 0.603134 
   225    224 0.783941 
   225    234 0.651522 
   226    222 0.679097 
   227    230 0.665150 
   227    231 0.578270 
   228    223 0.608363 
   228    233 0.735819 
   228    234 0.614606 
   229    232 0.733780 
   230    227 0.665150 
   230    231 0.593485 
   230    233 0.586902 
   231    227 0.578270 
   231    230 0.593485 
   232     61 0.569778 
   232    229 0.733780 
   233    223 0.648316 
   233    228 0.735819 
   233    230 0.586902 
   233    234 0.706540 
   234    183 0.581238 
   234    216 0.614685 
   234    223 0.802463 
   234    224 0.603134 
   234    225 0.651522 
   234    228 0.614606 
   234    233 0.706540 
   235    240 0.476136 
   236    131 0.613527 
   236    237 0.596794 
   237    131 0.666567 
   237    236 0.596794 
   238     65 0.651964 
   239     65 0.471134 
   240     62 0.728816 
   240    235 0.476136 
   241    207 0.551701 
   242    103 0.656369 
   242    137 0.669213 
   242    174 0.619716 
   242    214 0.614503 
   243    183 0.552643 
   243    244 0.482172 
   243    246 0.536848 
   244    243 0.482172 
   245     42 0.624568 
   246    243 0.536848 
   247    248 0.468948 
   247    250 0.511155 
   248      8 0.319226 
   248    247 0.468948 
   249    250 0.724444 
   250    139 0.563961 
   250    182 0.380935 
   250    247 0.511155 
   250    249 0.724444 
   251     13 0.674238 
   251     22 0.715060 
   251    255 0.648047 
   251    256 0.580950 
   251    258 0.682573 
   251    263 0.673334 
   252     20 0.543842 
   253    172 0.436691 
   254     72 0.521812 
   255     33 0.631546 
   255     48 0.741523 
   255     72 0.713127 
   255    251 0.648047 
   255    256 0.619436 
   255    258 0.633812 
   256     72 0.613487 
   256    251 0.580950 
   256    255 0.619436 
   257    173 0.360840 
   258    159 0.598262 
   258    251 0.682573 
   258    255 0.633812 
   259    187 0.629554 
   259    191 0.606187 
   260    134 0.670075 
   260    145 0.644860 
   260    156 0.680491 
   260    159 0.682881 
   260    160 0.646035 
   260    162 0.610569 
   260    163 0.659077 
   260    166 0.738563 
   260    167 0.676157 
   261    205 0.582427 
   262     76 0.390685 
   263    251 0.673334 
   264     49 0.477203 
