*vertices    264 
     1 "     1" 
     2 "     2" 
     3 "     3" 
     4 "     4" 
     5 "     5" 
     6 "     6" 
     7 "     7" 
     8 "     8" 
     9 "     9" 
    10 "    10" 
    11 "    11" 
    12 "    12" 
    13 "    13" 
    14 "    14" 
    15 "    15" 
    16 "    16" 
    17 "    17" 
    18 "    18" 
    19 "    19" 
    20 "    20" 
    21 "    21" 
    22 "    22" 
    23 "    23" 
    24 "    24" 
    25 "    25" 
    26 "    26" 
    27 "    27" 
    28 "    28" 
    29 "    29" 
    30 "    30" 
    31 "    31" 
    32 "    32" 
    33 "    33" 
    34 "    34" 
    35 "    35" 
    36 "    36" 
    37 "    37" 
    38 "    38" 
    39 "    39" 
    40 "    40" 
    41 "    41" 
    42 "    42" 
    43 "    43" 
    44 "    44" 
    45 "    45" 
    46 "    46" 
    47 "    47" 
    48 "    48" 
    49 "    49" 
    50 "    50" 
    51 "    51" 
    52 "    52" 
    53 "    53" 
    54 "    54" 
    55 "    55" 
    56 "    56" 
    57 "    57" 
    58 "    58" 
    59 "    59" 
    60 "    60" 
    61 "    61" 
    62 "    62" 
    63 "    63" 
    64 "    64" 
    65 "    65" 
    66 "    66" 
    67 "    67" 
    68 "    68" 
    69 "    69" 
    70 "    70" 
    71 "    71" 
    72 "    72" 
    73 "    73" 
    74 "    74" 
    75 "    75" 
    76 "    76" 
    77 "    77" 
    78 "    78" 
    79 "    79" 
    80 "    80" 
    81 "    81" 
    82 "    82" 
    83 "    83" 
    84 "    84" 
    85 "    85" 
    86 "    86" 
    87 "    87" 
    88 "    88" 
    89 "    89" 
    90 "    90" 
    91 "    91" 
    92 "    92" 
    93 "    93" 
    94 "    94" 
    95 "    95" 
    96 "    96" 
    97 "    97" 
    98 "    98" 
    99 "    99" 
   100 "   100" 
   101 "   101" 
   102 "   102" 
   103 "   103" 
   104 "   104" 
   105 "   105" 
   106 "   106" 
   107 "   107" 
   108 "   108" 
   109 "   109" 
   110 "   110" 
   111 "   111" 
   112 "   112" 
   113 "   113" 
   114 "   114" 
   115 "   115" 
   116 "   116" 
   117 "   117" 
   118 "   118" 
   119 "   119" 
   120 "   120" 
   121 "   121" 
   122 "   122" 
   123 "   123" 
   124 "   124" 
   125 "   125" 
   126 "   126" 
   127 "   127" 
   128 "   128" 
   129 "   129" 
   130 "   130" 
   131 "   131" 
   132 "   132" 
   133 "   133" 
   134 "   134" 
   135 "   135" 
   136 "   136" 
   137 "   137" 
   138 "   138" 
   139 "   139" 
   140 "   140" 
   141 "   141" 
   142 "   142" 
   143 "   143" 
   144 "   144" 
   145 "   145" 
   146 "   146" 
   147 "   147" 
   148 "   148" 
   149 "   149" 
   150 "   150" 
   151 "   151" 
   152 "   152" 
   153 "   153" 
   154 "   154" 
   155 "   155" 
   156 "   156" 
   157 "   157" 
   158 "   158" 
   159 "   159" 
   160 "   160" 
   161 "   161" 
   162 "   162" 
   163 "   163" 
   164 "   164" 
   165 "   165" 
   166 "   166" 
   167 "   167" 
   168 "   168" 
   169 "   169" 
   170 "   170" 
   171 "   171" 
   172 "   172" 
   173 "   173" 
   174 "   174" 
   175 "   175" 
   176 "   176" 
   177 "   177" 
   178 "   178" 
   179 "   179" 
   180 "   180" 
   181 "   181" 
   182 "   182" 
   183 "   183" 
   184 "   184" 
   185 "   185" 
   186 "   186" 
   187 "   187" 
   188 "   188" 
   189 "   189" 
   190 "   190" 
   191 "   191" 
   192 "   192" 
   193 "   193" 
   194 "   194" 
   195 "   195" 
   196 "   196" 
   197 "   197" 
   198 "   198" 
   199 "   199" 
   200 "   200" 
   201 "   201" 
   202 "   202" 
   203 "   203" 
   204 "   204" 
   205 "   205" 
   206 "   206" 
   207 "   207" 
   208 "   208" 
   209 "   209" 
   210 "   210" 
   211 "   211" 
   212 "   212" 
   213 "   213" 
   214 "   214" 
   215 "   215" 
   216 "   216" 
   217 "   217" 
   218 "   218" 
   219 "   219" 
   220 "   220" 
   221 "   221" 
   222 "   222" 
   223 "   223" 
   224 "   224" 
   225 "   225" 
   226 "   226" 
   227 "   227" 
   228 "   228" 
   229 "   229" 
   230 "   230" 
   231 "   231" 
   232 "   232" 
   233 "   233" 
   234 "   234" 
   235 "   235" 
   236 "   236" 
   237 "   237" 
   238 "   238" 
   239 "   239" 
   240 "   240" 
   241 "   241" 
   242 "   242" 
   243 "   243" 
   244 "   244" 
   245 "   245" 
   246 "   246" 
   247 "   247" 
   248 "   248" 
   249 "   249" 
   250 "   250" 
   251 "   251" 
   252 "   252" 
   253 "   253" 
   254 "   254" 
   255 "   255" 
   256 "   256" 
   257 "   257" 
   258 "   258" 
   259 "   259" 
   260 "   260" 
   261 "   261" 
   262 "   262" 
   263 "   263" 
   264 "   264" 
*edges 
     1    168 0.619931 
     2    141 0.615221 
     2    142 0.547066 
     2    165 0.623907 
     2    172 0.528906 
     3     12 0.617013 
     3    180 0.604994 
     4    253 0.461983 
     5     76 0.565492 
     6    125 0.293221 
     7     77 0.330663 
     8     10 0.597729 
     8    247 0.594040 
     8    250 0.602102 
     9     10 0.569515 
     9     11 0.573048 
     9    116 0.584152 
     9    119 0.616175 
     9    139 0.522527 
    10      8 0.597729 
    10      9 0.569515 
    10    247 0.535979 
    11      9 0.573048 
    11    190 0.528162 
    12      3 0.617013 
    12     76 0.582342 
    12    109 0.581293 
    13     80 0.716204 
    13     86 0.541250 
    13     87 0.643864 
    13    136 0.763402 
    13    188 0.570280 
    13    193 0.521108 
    13    194 0.555194 
    13    220 0.533860 
    13    251 0.723662 
    13    259 0.531125 
    13    261 0.568927 
    13    263 0.748921 
    14    213 0.506500 
    15     21 0.562318 
    15     23 0.534469 
    15     40 0.606145 
    15     47 0.521190 
    15     94 0.550050 
    15     99 0.581079 
    15    112 0.582648 
    15    134 0.522521 
    15    142 0.544671 
    15    177 0.545860 
    15    213 0.575280 
    15    223 0.537117 
    16     40 0.530011 
    16     51 0.594297 
    17     18 0.609629 
    17     31 0.644107 
    17     35 0.536199 
    17     39 0.584884 
    17     40 0.591621 
    18     17 0.609629 
    18     19 0.614678 
    18     31 0.697222 
    18     35 0.598197 
    18     38 0.560585 
    18     39 0.662206 
    19     18 0.614678 
    19     31 0.648888 
    19     39 0.528825 
    20     24 0.720448 
    20     26 0.791585 
    20     27 0.541750 
    20     33 0.580784 
    20     37 0.616536 
    20     72 0.558738 
    20    255 0.599705 
    21     15 0.562318 
    21     23 0.522793 
    21     29 0.535783 
    21     32 0.568159 
    21     36 0.575833 
    22     32 0.532847 
    22     38 0.606649 
    23     15 0.534469 
    23     21 0.522793 
    23     25 0.566685 
    23     31 0.532836 
    23     32 0.727604 
    23     34 0.554553 
    23     35 0.764711 
    23     47 0.539712 
    24     20 0.720448 
    24     26 0.678244 
    24     27 0.661643 
    24     37 0.732862 
    24     72 0.553052 
    24    255 0.521640 
    25     23 0.566685 
    25     28 0.547267 
    25     32 0.585521 
    25     36 0.568882 
    25     49 0.605011 
    25    258 0.536012 
    26     20 0.791585 
    26     24 0.678244 
    26     27 0.523395 
    26     29 0.600993 
    26     30 0.530699 
    26     33 0.555835 
    26     36 0.569724 
    26     37 0.603953 
    26     45 0.523256 
    26     72 0.688815 
    26    255 0.619775 
    27     20 0.541750 
    27     24 0.661643 
    27     26 0.523395 
    27     37 0.798504 
    28     25 0.547267 
    28     34 0.596041 
    28     47 0.539396 
    29     21 0.535783 
    29     26 0.600993 
    29     36 0.532887 
    29     37 0.546391 
    29     47 0.572805 
    29     72 0.542898 
    30     26 0.530699 
    30     33 0.577981 
    31     17 0.644107 
    31     18 0.697222 
    31     19 0.648888 
    31     23 0.532836 
    31     32 0.550076 
    31     35 0.758778 
    31     40 0.584790 
    32     21 0.568159 
    32     22 0.532847 
    32     23 0.727604 
    32     25 0.585521 
    32     31 0.550076 
    32     35 0.664386 
    32     38 0.554562 
    33     20 0.580784 
    33     26 0.555835 
    33     30 0.577981 
    33    255 0.603535 
    33    264 0.643994 
    34     23 0.554553 
    34     28 0.596041 
    35     17 0.536199 
    35     18 0.598197 
    35     23 0.764711 
    35     31 0.758778 
    35     32 0.664386 
    35     38 0.535953 
    35     40 0.530009 
    36     21 0.575833 
    36     25 0.568882 
    36     26 0.569724 
    36     29 0.532887 
    36     41 0.808097 
    37     20 0.616536 
    37     24 0.732862 
    37     26 0.603953 
    37     27 0.798504 
    37     29 0.546391 
    38     18 0.560585 
    38     22 0.606649 
    38     32 0.554562 
    38     35 0.535953 
    39     17 0.584884 
    39     18 0.662206 
    39     19 0.528825 
    39     40 0.527243 
    40     15 0.606145 
    40     16 0.530011 
    40     17 0.591621 
    40     31 0.584790 
    40     35 0.530009 
    40     39 0.527243 
    40     47 0.522684 
    40     51 0.554586 
    41     36 0.808097 
    42     44 0.744444 
    42     45 0.535493 
    42     46 0.635278 
    42     71 0.546883 
    43     52 0.541317 
    43     70 0.591592 
    44     42 0.744444 
    44     46 0.847610 
    44     62 0.536554 
    44     71 0.616201 
    45     26 0.523256 
    45     42 0.535493 
    45     69 0.572219 
    45     70 0.657033 
    45     72 0.574135 
    45    225 0.529956 
    46     42 0.635278 
    46     44 0.847610 
    46     71 0.555928 
    47     15 0.521190 
    47     23 0.539712 
    47     28 0.539396 
    47     29 0.572805 
    47     40 0.522684 
    47     54 0.616551 
    47    213 0.536384 
    48     69 0.428264 
    49     25 0.605011 
    49     53 0.621779 
    50     53 0.572781 
    50    178 0.598299 
    51     16 0.594297 
    51     40 0.554586 
    52     43 0.541317 
    52     70 0.549552 
    52    224 0.546339 
    52    225 0.539076 
    52    228 0.523732 
    52    229 0.575376 
    52    230 0.619231 
    52    231 0.614356 
    52    232 0.582293 
    52    233 0.551133 
    53     49 0.621779 
    53     50 0.572781 
    54     47 0.616551 
    54    213 0.616652 
    54    216 0.544554 
    54    264 0.530815 
    55     70 0.630540 
    55    143 0.463306 
    56     58 0.677699 
    56     60 0.524734 
    57    229 0.523541 
    57    231 0.523311 
    57    232 0.626455 
    58     56 0.677699 
    58    242 0.587164 
    59    213 0.646595 
    59    214 0.578711 
    59    215 0.655141 
    59    216 0.629285 
    59    217 0.564887 
    60     56 0.524734 
    60    209 0.591308 
    61     73 0.327567 
    61    229 0.323238 
    62     44 0.536554 
    62     68 0.660464 
    62     70 0.623263 
    62     71 0.621777 
    63     65 0.468166 
    63     67 0.472713 
    63     70 0.514963 
    64     68 0.425841 
    65     63 0.468166 
    66    118 0.579186 
    66    237 0.661999 
    67     63 0.472713 
    68     62 0.660464 
    68     64 0.425841 
    68     70 0.605737 
    68     71 0.552853 
    69     45 0.572219 
    69     48 0.428264 
    69     70 0.551885 
    70     43 0.591592 
    70     45 0.657033 
    70     52 0.549552 
    70     55 0.630540 
    70     62 0.623263 
    70     63 0.514963 
    70     68 0.605737 
    70     69 0.551885 
    70     71 0.654207 
    71     42 0.546883 
    71     44 0.616201 
    71     46 0.555928 
    71     62 0.621777 
    71     68 0.552853 
    71     70 0.654207 
    72     20 0.558738 
    72     24 0.553052 
    72     26 0.688815 
    72     29 0.542898 
    72     45 0.574135 
    73     61 0.327567 
    74    144 0.577791 
    74    146 0.553834 
    74    147 0.605599 
    74    150 0.545618 
    74    157 0.720060 
    74    162 0.570142 
    74    164 0.527549 
    74    169 0.564589 
    74    191 0.570838 
    74    256 0.565709 
    74    260 0.609157 
    75     78 0.649686 
    75    106 0.403337 
    76      5 0.565492 
    76     12 0.582342 
    76    109 0.569574 
    77      7 0.330663 
    77     91 0.529554 
    78     75 0.649686 
    79    215 0.452814 
    80     13 0.716204 
    80     87 0.523345 
    80     96 0.525155 
    80    136 0.696196 
    80    194 0.585001 
    80    204 0.533149 
    80    251 0.684566 
    80    263 0.663851 
    81     82 0.705418 
    81    129 0.576438 
    82     81 0.705418 
    82    128 0.605161 
    82    132 0.464345 
    83     84 0.564714 
    83    118 0.624926 
    84     83 0.564714 
    84    118 0.618848 
    85    211 0.443818 
    86     13 0.541250 
    86     87 0.729523 
    86     96 0.545037 
    86    136 0.588658 
    86    194 0.591505 
    87     13 0.643864 
    87     80 0.523345 
    87     86 0.729523 
    87    136 0.556159 
    87    188 0.568134 
    87    194 0.566026 
    88     89 0.672053 
    88     90 0.562518 
    88     92 0.776055 
    88     94 0.740254 
    88    133 0.779925 
    88    134 0.642508 
    88    195 0.554470 
    88    221 0.617256 
    89     88 0.672053 
    89     92 0.716927 
    89     94 0.638500 
    89     96 0.527746 
    89    100 0.580158 
    89    133 0.629781 
    89    134 0.599675 
    89    177 0.602226 
    89    192 0.601462 
    89    195 0.540502 
    89    221 0.523291 
    90     88 0.562518 
    90     93 0.601066 
    90     95 0.717380 
    90    145 0.563928 
    90    160 0.572077 
    90    163 0.592318 
    91     77 0.529554 
    91    142 0.619878 
    92     88 0.776055 
    92     89 0.716927 
    92     94 0.699028 
    92    133 0.783691 
    92    134 0.671251 
    92    177 0.632123 
    92    192 0.537983 
    92    195 0.567399 
    92    221 0.697325 
    93     90 0.601066 
    93     95 0.576486 
    93    159 0.600136 
    93    163 0.602946 
    94     15 0.550050 
    94     88 0.740254 
    94     89 0.638500 
    94     92 0.699028 
    94     99 0.560686 
    94    100 0.645302 
    94    118 0.564366 
    94    133 0.765986 
    94    134 0.687430 
    94    177 0.555654 
    94    195 0.665426 
    94    221 0.591966 
    95     90 0.717380 
    95     93 0.576486 
    95     96 0.521417 
    96     80 0.525155 
    96     86 0.545037 
    96     89 0.527746 
    96     95 0.521417 
    96    101 0.546699 
    96    102 0.561458 
    96    130 0.692153 
    96    136 0.711308 
    96    142 0.523497 
    96    177 0.575764 
    96    190 0.544430 
    96    193 0.592986 
    96    194 0.662350 
    96    204 0.675897 
    96    235 0.603834 
    97    101 0.623007 
    97    102 0.569692 
    97    121 0.554290 
    97    193 0.729151 
    98    100 0.537529 
    98    103 0.540097 
    98    104 0.542573 
    98    121 0.521516 
    99     15 0.581079 
    99     94 0.560686 
    99    100 0.663620 
    99    104 0.542263 
    99    133 0.536743 
   100     89 0.580158 
   100     94 0.645302 
   100     98 0.537529 
   100     99 0.663620 
   100    104 0.533263 
   100    131 0.251887 
   100    133 0.564000 
   100    177 0.578590 
   100    193 0.574027 
   100    195 0.535367 
   100    202 0.521332 
   101     96 0.546699 
   101     97 0.623007 
   101    136 0.592058 
   101    193 0.568525 
   101    202 0.529870 
   101    204 0.526893 
   101    218 0.556805 
   102     96 0.561458 
   102     97 0.569692 
   102    105 0.531125 
   102    106 0.560149 
   102    130 0.530570 
   102    139 0.531646 
   102    142 0.575322 
   102    190 0.529853 
   102    193 0.705968 
   102    194 0.544769 
   102    196 0.547758 
   102    204 0.546245 
   102    219 0.522720 
   103     98 0.540097 
   103    104 0.679659 
   104     98 0.542573 
   104     99 0.542263 
   104    100 0.533263 
   104    103 0.679659 
   105    102 0.531125 
   105    106 0.737715 
   105    108 0.618677 
   105    113 0.542962 
   105    114 0.564384 
   105    115 0.529138 
   105    139 0.543507 
   105    175 0.582430 
   105    189 0.529718 
   105    207 0.524927 
   105    219 0.627079 
   106     75 0.403337 
   106    102 0.560149 
   106    105 0.737715 
   106    114 0.538468 
   106    115 0.610085 
   106    122 0.518918 
   106    219 0.573693 
   107    108 0.695399 
   107    109 0.617825 
   107    110 0.671141 
   107    111 0.576622 
   108    105 0.618677 
   108    107 0.695399 
   108    111 0.537775 
   108    200 0.542439 
   109     12 0.581293 
   109     76 0.569574 
   109    107 0.617825 
   109    110 0.619347 
   110    107 0.671141 
   110    109 0.619347 
   111    107 0.576622 
   111    108 0.537775 
   112     15 0.582648 
   112    202 0.682610 
   112    213 0.550722 
   112    215 0.556547 
   112    216 0.671115 
   112    218 0.554484 
   112    221 0.569660 
   113    105 0.542962 
   114    105 0.564384 
   114    106 0.538468 
   114    220 0.526175 
   115    105 0.529138 
   115    106 0.610085 
   116      9 0.584152 
   117    237 0.508464 
   118     66 0.579186 
   118     83 0.624926 
   118     84 0.618848 
   118     94 0.564366 
   118    120 0.561546 
   118    185 0.535165 
   118    197 0.546402 
   119      9 0.616175 
   119    239 0.707324 
   120    118 0.561546 
   121     97 0.554290 
   121     98 0.521516 
   122    106 0.518918 
   123    235 0.592092 
   124    125 0.688932 
   124    126 0.486146 
   125      6 0.293221 
   125    124 0.688932 
   125    128 0.565299 
   126    124 0.486146 
   126    223 0.475627 
   127    184 0.558616 
   128     82 0.605161 
   128    125 0.565299 
   129     81 0.576438 
   130     96 0.692153 
   130    102 0.530570 
   130    136 0.614683 
   130    175 0.581281 
   130    190 0.523115 
   130    204 0.701874 
   130    219 0.575218 
   130    235 0.832152 
   131    100 0.251887 
   132     82 0.464345 
   133     88 0.779925 
   133     89 0.629781 
   133     92 0.783691 
   133     94 0.765986 
   133     99 0.536743 
   133    100 0.564000 
   133    134 0.734467 
   133    177 0.537980 
   133    195 0.649985 
   133    221 0.801828 
   134     15 0.522521 
   134     88 0.642508 
   134     89 0.599675 
   134     92 0.671251 
   134     94 0.687430 
   134    133 0.734467 
   134    177 0.527047 
   134    195 0.584972 
   134    221 0.673130 
   135    136 0.497673 
   136     13 0.763402 
   136     80 0.696196 
   136     86 0.588658 
   136     87 0.556159 
   136     96 0.711308 
   136    101 0.592058 
   136    130 0.614683 
   136    135 0.497673 
   136    193 0.559275 
   136    194 0.583383 
   136    204 0.694185 
   136    235 0.625333 
   136    251 0.550870 
   136    261 0.550513 
   137    242 0.511102 
   138    178 0.523228 
   139      9 0.522527 
   139    102 0.531646 
   139    105 0.543507 
   139    239 0.615168 
   140    141 0.541008 
   140    145 0.534910 
   140    146 0.656368 
   140    150 0.562038 
   140    151 0.607988 
   140    154 0.669463 
   140    157 0.544041 
   140    158 0.661669 
   140    162 0.550023 
   140    163 0.544737 
   140    167 0.534616 
   140    168 0.531768 
   140    170 0.698639 
   140    172 0.642126 
   140    179 0.558845 
   140    253 0.544282 
   140    254 0.607551 
   141      2 0.615221 
   141    140 0.541008 
   141    165 0.832048 
   141    172 0.794675 
   142      2 0.547066 
   142     15 0.544671 
   142     91 0.619878 
   142     96 0.523497 
   142    102 0.575322 
   142    193 0.571389 
   142    222 0.412904 
   142    223 0.535925 
   143     55 0.463306 
   144     74 0.577791 
   144    147 0.615577 
   144    150 0.592160 
   144    154 0.554691 
   144    157 0.757124 
   144    158 0.582938 
   144    161 0.543340 
   144    162 0.644385 
   144    164 0.528486 
   144    169 0.804870 
   144    173 0.708979 
   144    256 0.615641 
   144    260 0.642792 
   145     90 0.563928 
   145    140 0.534910 
   145    146 0.708862 
   145    147 0.550934 
   145    148 0.651394 
   145    150 0.579718 
   145    151 0.591950 
   145    152 0.624264 
   145    155 0.564687 
   145    159 0.537854 
   145    160 0.546840 
   145    162 0.601561 
   145    163 0.784362 
   145    167 0.756541 
   145    170 0.777072 
   146     74 0.553834 
   146    140 0.656368 
   146    145 0.708862 
   146    147 0.591110 
   146    148 0.604519 
   146    149 0.555395 
   146    150 0.622802 
   146    151 0.649255 
   146    152 0.633837 
   146    154 0.534800 
   146    157 0.592927 
   146    158 0.615344 
   146    160 0.530576 
   146    162 0.615601 
   146    163 0.636348 
   146    164 0.568445 
   146    167 0.644496 
   146    170 0.760172 
   146    260 0.528483 
   147     74 0.605599 
   147    144 0.615577 
   147    145 0.550934 
   147    146 0.591110 
   147    148 0.563024 
   147    149 0.624749 
   147    150 0.589667 
   147    154 0.531974 
   147    156 0.589476 
   147    157 0.768867 
   147    159 0.556011 
   147    162 0.740147 
   147    163 0.644751 
   147    167 0.560147 
   147    169 0.699157 
   147    170 0.600540 
   147    171 0.597331 
   147    173 0.560913 
   147    256 0.549903 
   147    260 0.715526 
   148    145 0.651394 
   148    146 0.604519 
   148    147 0.563024 
   148    150 0.613399 
   148    152 0.571714 
   148    154 0.527615 
   148    163 0.569270 
   148    164 0.571408 
   148    170 0.663233 
   148    257 0.534387 
   149    146 0.555395 
   149    147 0.624749 
   149    157 0.526070 
   149    162 0.598905 
   149    167 0.531701 
   149    170 0.525360 
   150     74 0.545618 
   150    140 0.562038 
   150    144 0.592160 
   150    145 0.579718 
   150    146 0.622802 
   150    147 0.589667 
   150    148 0.613399 
   150    151 0.589349 
   150    152 0.569265 
   150    153 0.535424 
   150    154 0.600845 
   150    157 0.655540 
   150    158 0.588712 
   150    160 0.520577 
   150    161 0.597733 
   150    162 0.642538 
   150    163 0.546891 
   150    164 0.613547 
   150    169 0.577560 
   150    170 0.591502 
   150    172 0.553869 
   150    173 0.594972 
   150    260 0.620621 
   150    262 0.608384 
   151    140 0.607988 
   151    145 0.591950 
   151    146 0.649255 
   151    150 0.589349 
   151    152 0.585910 
   151    154 0.601533 
   151    160 0.520743 
   151    163 0.557094 
   151    167 0.561003 
   151    170 0.609662 
   151    172 0.519930 
   151    243 0.532909 
   151    244 0.545491 
   151    246 0.544533 
   151    262 0.579891 
   152    145 0.624264 
   152    146 0.633837 
   152    148 0.571714 
   152    150 0.569265 
   152    151 0.585910 
   152    163 0.608013 
   152    164 0.567827 
   152    170 0.595857 
   153    150 0.535424 
   153    154 0.617260 
   153    162 0.529844 
   153    168 0.551479 
   153    169 0.565248 
   154    140 0.669463 
   154    144 0.554691 
   154    146 0.534800 
   154    147 0.531974 
   154    148 0.527615 
   154    150 0.600845 
   154    151 0.601533 
   154    153 0.617260 
   154    157 0.586755 
   154    158 0.578268 
   154    161 0.621812 
   154    162 0.601405 
   154    163 0.563722 
   154    164 0.535519 
   154    168 0.592060 
   154    169 0.586502 
   154    170 0.605735 
   154    173 0.551919 
   154    260 0.595708 
   154    262 0.579683 
   155    145 0.564687 
   155    156 0.564662 
   155    162 0.601755 
   155    163 0.541552 
   155    166 0.551037 
   155    167 0.619047 
   155    170 0.558862 
   156    147 0.589476 
   156    155 0.564662 
   156    157 0.632977 
   156    159 0.728492 
   156    162 0.712266 
   156    163 0.683611 
   156    166 0.608461 
   156    167 0.587450 
   156    169 0.537348 
   156    170 0.548763 
   156    256 0.523639 
   156    260 0.650617 
   157     74 0.720060 
   157    140 0.544041 
   157    144 0.757124 
   157    146 0.592927 
   157    147 0.768867 
   157    149 0.526070 
   157    150 0.655540 
   157    154 0.586755 
   157    156 0.632977 
   157    158 0.595032 
   157    159 0.598375 
   157    161 0.577495 
   157    162 0.829507 
   157    163 0.629336 
   157    164 0.571612 
   157    166 0.562898 
   157    167 0.592064 
   157    169 0.788254 
   157    170 0.633926 
   157    172 0.523679 
   157    173 0.640283 
   157    191 0.583835 
   157    256 0.707223 
   157    258 0.541069 
   157    260 0.784540 
   158    140 0.661669 
   158    144 0.582938 
   158    146 0.615344 
   158    150 0.588712 
   158    154 0.578268 
   158    157 0.595032 
   158    162 0.604442 
   158    164 0.554002 
   158    169 0.554453 
   158    170 0.592772 
   158    173 0.592006 
   159     93 0.600136 
   159    145 0.537854 
   159    147 0.556011 
   159    156 0.728492 
   159    157 0.598375 
   159    162 0.617772 
   159    163 0.773351 
   159    166 0.736401 
   159    167 0.623235 
   159    170 0.530038 
   159    260 0.676718 
   160     90 0.572077 
   160    145 0.546840 
   160    146 0.530576 
   160    150 0.520577 
   160    151 0.520743 
   160    163 0.561101 
   161    144 0.543340 
   161    150 0.597733 
   161    154 0.621812 
   161    157 0.577495 
   161    169 0.574138 
   161    173 0.579170 
   162     74 0.570142 
   162    140 0.550023 
   162    144 0.644385 
   162    145 0.601561 
   162    146 0.615601 
   162    147 0.740147 
   162    149 0.598905 
   162    150 0.642538 
   162    153 0.529844 
   162    154 0.601405 
   162    155 0.601755 
   162    156 0.712266 
   162    157 0.829507 
   162    158 0.604442 
   162    159 0.617772 
   162    163 0.684478 
   162    166 0.547040 
   162    167 0.663037 
   162    169 0.739620 
   162    170 0.703801 
   162    173 0.554342 
   162    256 0.579128 
   162    260 0.692488 
   163     90 0.592318 
   163     93 0.602946 
   163    140 0.544737 
   163    145 0.784362 
   163    146 0.636348 
   163    147 0.644751 
   163    148 0.569270 
   163    150 0.546891 
   163    151 0.557094 
   163    152 0.608013 
   163    154 0.563722 
   163    155 0.541552 
   163    156 0.683611 
   163    157 0.629336 
   163    159 0.773351 
   163    160 0.561101 
   163    162 0.684478 
   163    166 0.689075 
   163    167 0.771086 
   163    170 0.754518 
   163    260 0.652382 
   164     74 0.527549 
   164    144 0.528486 
   164    146 0.568445 
   164    148 0.571408 
   164    150 0.613547 
   164    152 0.567827 
   164    154 0.535519 
   164    157 0.571612 
   164    158 0.554002 
   164    170 0.546168 
   164    173 0.570074 
   164    252 0.510038 
   164    262 0.603740 
   165      2 0.623907 
   165    141 0.832048 
   165    172 0.733512 
   166    155 0.551037 
   166    156 0.608461 
   166    157 0.562898 
   166    159 0.736401 
   166    162 0.547040 
   166    163 0.689075 
   166    167 0.549375 
   166    260 0.682963 
   167    140 0.534616 
   167    145 0.756541 
   167    146 0.644496 
   167    147 0.560147 
   167    149 0.531701 
   167    151 0.561003 
   167    155 0.619047 
   167    156 0.587450 
   167    157 0.592064 
   167    159 0.623235 
   167    162 0.663037 
   167    163 0.771086 
   167    166 0.549375 
   167    170 0.707703 
   167    260 0.537833 
   168      1 0.619931 
   168    140 0.531768 
   168    153 0.551479 
   168    154 0.592060 
   169     74 0.564589 
   169    144 0.804870 
   169    147 0.699157 
   169    150 0.577560 
   169    153 0.565248 
   169    154 0.586502 
   169    156 0.537348 
   169    157 0.788254 
   169    158 0.554453 
   169    161 0.574138 
   169    162 0.739620 
   169    170 0.554388 
   169    171 0.528302 
   169    173 0.742151 
   169    256 0.643623 
   169    260 0.648269 
   170    140 0.698639 
   170    145 0.777072 
   170    146 0.760172 
   170    147 0.600540 
   170    148 0.663233 
   170    149 0.525360 
   170    150 0.591502 
   170    151 0.609662 
   170    152 0.595857 
   170    154 0.605735 
   170    155 0.558862 
   170    156 0.548763 
   170    157 0.633926 
   170    158 0.592772 
   170    159 0.530038 
   170    162 0.703801 
   170    163 0.754518 
   170    164 0.546168 
   170    167 0.707703 
   170    169 0.554388 
   170    260 0.570431 
   171    147 0.597331 
   171    169 0.528302 
   172      2 0.528906 
   172    140 0.642126 
   172    141 0.794675 
   172    150 0.553869 
   172    151 0.519930 
   172    157 0.523679 
   172    165 0.733512 
   173    144 0.708979 
   173    147 0.560913 
   173    150 0.594972 
   173    154 0.551919 
   173    157 0.640283 
   173    158 0.592006 
   173    161 0.579170 
   173    162 0.554342 
   173    164 0.570074 
   173    169 0.742151 
   173    256 0.519919 
   174    213 0.622697 
   175    105 0.582430 
   175    130 0.581281 
   175    189 0.522637 
   175    190 0.667540 
   175    193 0.520602 
   175    196 0.640943 
   175    204 0.629816 
   175    219 0.523088 
   175    235 0.589615 
   175    240 0.540153 
   175    241 0.496167 
   176    186 0.533700 
   176    187 0.498691 
   176    188 0.740455 
   176    201 0.642452 
   176    236 0.541833 
   177     15 0.545860 
   177     89 0.602226 
   177     92 0.632123 
   177     94 0.555654 
   177     96 0.575764 
   177    100 0.578590 
   177    133 0.537980 
   177    134 0.527047 
   177    193 0.561137 
   177    195 0.601304 
   177    218 0.572531 
   177    221 0.549043 
   178     50 0.598299 
   178    138 0.523228 
   179    140 0.558845 
   179    253 0.605434 
   179    254 0.849440 
   180      3 0.604994 
   180    181 0.528077 
   180    182 0.611548 
   181    180 0.528077 
   182    180 0.611548 
   182    211 0.456569 
   183    184 0.660736 
   183    253 0.543610 
   184    127 0.558616 
   184    183 0.660736 
   185    118 0.535165 
   185    197 0.534915 
   186    176 0.533700 
   187    176 0.498691 
   188     13 0.570280 
   188     87 0.568134 
   188    176 0.740455 
   188    220 0.617245 
   188    236 0.543528 
   188    251 0.533323 
   188    263 0.585801 
   189    105 0.529718 
   189    175 0.522637 
   189    190 0.658010 
   189    192 0.562917 
   189    193 0.579970 
   189    196 0.660972 
   189    207 0.600241 
   189    218 0.714189 
   190     11 0.528162 
   190     96 0.544430 
   190    102 0.529853 
   190    130 0.523115 
   190    175 0.667540 
   190    189 0.658010 
   190    192 0.543213 
   190    193 0.669886 
   190    194 0.520599 
   190    196 0.665638 
   190    204 0.805210 
   190    207 0.520483 
   190    235 0.540369 
   191     74 0.570838 
   191    157 0.583835 
   191    256 0.712844 
   191    258 0.629177 
   191    260 0.626836 
   192     89 0.601462 
   192     92 0.537983 
   192    189 0.562917 
   192    190 0.543213 
   192    195 0.555268 
   192    196 0.695237 
   193     13 0.521108 
   193     96 0.592986 
   193     97 0.729151 
   193    100 0.574027 
   193    101 0.568525 
   193    102 0.705968 
   193    136 0.559275 
   193    142 0.571389 
   193    175 0.520602 
   193    177 0.561137 
   193    189 0.579970 
   193    190 0.669886 
   193    194 0.613190 
   193    196 0.652441 
   193    204 0.593579 
   193    218 0.579672 
   194     13 0.555194 
   194     80 0.585001 
   194     86 0.591505 
   194     87 0.566026 
   194     96 0.662350 
   194    102 0.544769 
   194    136 0.583383 
   194    190 0.520599 
   194    193 0.613190 
   194    204 0.532529 
   195     88 0.554470 
   195     89 0.540502 
   195     92 0.567399 
   195     94 0.665426 
   195    100 0.535367 
   195    133 0.649985 
   195    134 0.584972 
   195    177 0.601304 
   195    192 0.555268 
   195    197 0.616962 
   196    102 0.547758 
   196    175 0.640943 
   196    189 0.660972 
   196    190 0.665638 
   196    192 0.695237 
   196    193 0.652441 
   196    201 0.573419 
   197    118 0.546402 
   197    185 0.534915 
   197    195 0.616962 
   197    201 0.666050 
   197    208 0.534998 
   198    200 0.619471 
   198    242 0.666955 
   199    259 0.518545 
   200    108 0.542439 
   200    198 0.619471 
   201    176 0.642452 
   201    196 0.573419 
   201    197 0.666050 
   201    202 0.617093 
   202    100 0.521332 
   202    101 0.529870 
   202    112 0.682610 
   202    201 0.617093 
   202    213 0.626397 
   202    216 0.619714 
   203    259 0.544298 
   204     80 0.533149 
   204     96 0.675897 
   204    101 0.526893 
   204    102 0.546245 
   204    130 0.701874 
   204    136 0.694185 
   204    175 0.629816 
   204    190 0.805210 
   204    193 0.593579 
   204    194 0.532529 
   204    219 0.626701 
   204    235 0.738752 
   205    264 0.489795 
   206    213 0.428370 
   207    105 0.524927 
   207    189 0.600241 
   207    190 0.520483 
   207    209 0.579978 
   207    218 0.566255 
   207    238 0.538508 
   208    197 0.534998 
   208    209 0.609772 
   208    242 0.529365 
   209     60 0.591308 
   209    207 0.579978 
   209    208 0.609772 
   209    210 0.542246 
   210    209 0.542246 
   211     85 0.443818 
   211    182 0.456569 
   212    215 0.513319 
   213     14 0.506500 
   213     15 0.575280 
   213     47 0.536384 
   213     54 0.616652 
   213     59 0.646595 
   213    112 0.550722 
   213    174 0.622697 
   213    202 0.626397 
   213    206 0.428370 
   213    215 0.532455 
   213    216 0.693805 
   213    261 0.576055 
   214     59 0.578711 
   214    219 0.579528 
   214    261 0.557126 
   215     59 0.655141 
   215     79 0.452814 
   215    112 0.556547 
   215    212 0.513319 
   215    213 0.532455 
   215    216 0.670562 
   215    219 0.527716 
   216     54 0.544554 
   216     59 0.629285 
   216    112 0.671115 
   216    202 0.619714 
   216    213 0.693805 
   216    215 0.670562 
   217     59 0.564887 
   218    101 0.556805 
   218    112 0.554484 
   218    177 0.572531 
   218    189 0.714189 
   218    193 0.579672 
   218    207 0.566255 
   219    102 0.522720 
   219    105 0.627079 
   219    106 0.573693 
   219    130 0.575218 
   219    175 0.523088 
   219    204 0.626701 
   219    214 0.579528 
   219    215 0.527716 
   219    235 0.658434 
   220     13 0.533860 
   220    114 0.526175 
   220    188 0.617245 
   221     88 0.617256 
   221     89 0.523291 
   221     92 0.697325 
   221     94 0.591966 
   221    112 0.569660 
   221    133 0.801828 
   221    134 0.673130 
   221    177 0.549043 
   222    142 0.412904 
   222    226 0.725766 
   223     15 0.537117 
   223    126 0.475627 
   223    142 0.535925 
   223    224 0.559813 
   224     52 0.546339 
   224    223 0.559813 
   224    225 0.742915 
   225     45 0.529956 
   225     52 0.539076 
   225    224 0.742915 
   225    234 0.550072 
   226    222 0.725766 
   227    230 0.680684 
   227    231 0.591833 
   228     52 0.523732 
   228    230 0.557055 
   228    233 0.733888 
   229     52 0.575376 
   229     57 0.523541 
   229     61 0.323238 
   229    230 0.547577 
   229    231 0.636485 
   229    232 0.720201 
   230     52 0.619231 
   230    227 0.680684 
   230    228 0.557055 
   230    229 0.547577 
   230    231 0.769738 
   230    232 0.588144 
   230    233 0.631331 
   231     52 0.614356 
   231     57 0.523311 
   231    227 0.591833 
   231    229 0.636485 
   231    230 0.769738 
   231    232 0.689275 
   232     52 0.582293 
   232     57 0.626455 
   232    229 0.720201 
   232    230 0.588144 
   232    231 0.689275 
   233     52 0.551133 
   233    228 0.733888 
   233    230 0.631331 
   233    234 0.544868 
   234    225 0.550072 
   234    233 0.544868 
   235     96 0.603834 
   235    123 0.592092 
   235    130 0.832152 
   235    136 0.625333 
   235    175 0.589615 
   235    190 0.540369 
   235    204 0.738752 
   235    219 0.658434 
   235    240 0.597964 
   236    176 0.541833 
   236    188 0.543528 
   237     66 0.661999 
   237    117 0.508464 
   238    207 0.538508 
   239    119 0.707324 
   239    139 0.615168 
   240    175 0.540153 
   240    235 0.597964 
   241    175 0.496167 
   242     58 0.587164 
   242    137 0.511102 
   242    198 0.666955 
   242    208 0.529365 
   243    151 0.532909 
   243    245 0.520249 
   243    246 0.631682 
   244    151 0.545491 
   245    243 0.520249 
   245    246 0.623786 
   246    151 0.544533 
   246    243 0.631682 
   246    245 0.623786 
   247      8 0.594040 
   247     10 0.535979 
   247    248 0.590144 
   247    249 0.659660 
   248    247 0.590144 
   249    247 0.659660 
   250      8 0.602102 
   251     13 0.723662 
   251     80 0.684566 
   251    136 0.550870 
   251    188 0.533323 
   251    259 0.542224 
   251    263 0.748108 
   251    264 0.551161 
   252    164 0.510038 
   253      4 0.461983 
   253    140 0.544282 
   253    179 0.605434 
   253    183 0.543610 
   253    254 0.657334 
   254    140 0.607551 
   254    179 0.849440 
   254    253 0.657334 
   255     20 0.599705 
   255     24 0.521640 
   255     26 0.619775 
   255     33 0.603535 
   255    264 0.606991 
   256     74 0.565709 
   256    144 0.615641 
   256    147 0.549903 
   256    156 0.523639 
   256    157 0.707223 
   256    162 0.579128 
   256    169 0.643623 
   256    173 0.519919 
   256    191 0.712844 
   256    258 0.602910 
   256    260 0.636406 
   257    148 0.534387 
   258     25 0.536012 
   258    157 0.541069 
   258    191 0.629177 
   258    256 0.602910 
   259     13 0.531125 
   259    199 0.518545 
   259    203 0.544298 
   259    251 0.542224 
   260     74 0.609157 
   260    144 0.642792 
   260    146 0.528483 
   260    147 0.715526 
   260    150 0.620621 
   260    154 0.595708 
   260    156 0.650617 
   260    157 0.784540 
   260    159 0.676718 
   260    162 0.692488 
   260    163 0.652382 
   260    166 0.682963 
   260    167 0.537833 
   260    169 0.648269 
   260    170 0.570431 
   260    191 0.626836 
   260    256 0.636406 
   261     13 0.568927 
   261    136 0.550513 
   261    213 0.576055 
   261    214 0.557126 
   262    150 0.608384 
   262    151 0.579891 
   262    154 0.579683 
   262    164 0.603740 
   263     13 0.748921 
   263     80 0.663851 
   263    188 0.585801 
   263    251 0.748108 
   264     33 0.643994 
   264     54 0.530815 
   264    205 0.489795 
   264    251 0.551161 
   264    255 0.606991 
