*vertices    264 
     1 "     1" 
     2 "     2" 
     3 "     3" 
     4 "     4" 
     5 "     5" 
     6 "     6" 
     7 "     7" 
     8 "     8" 
     9 "     9" 
    10 "    10" 
    11 "    11" 
    12 "    12" 
    13 "    13" 
    14 "    14" 
    15 "    15" 
    16 "    16" 
    17 "    17" 
    18 "    18" 
    19 "    19" 
    20 "    20" 
    21 "    21" 
    22 "    22" 
    23 "    23" 
    24 "    24" 
    25 "    25" 
    26 "    26" 
    27 "    27" 
    28 "    28" 
    29 "    29" 
    30 "    30" 
    31 "    31" 
    32 "    32" 
    33 "    33" 
    34 "    34" 
    35 "    35" 
    36 "    36" 
    37 "    37" 
    38 "    38" 
    39 "    39" 
    40 "    40" 
    41 "    41" 
    42 "    42" 
    43 "    43" 
    44 "    44" 
    45 "    45" 
    46 "    46" 
    47 "    47" 
    48 "    48" 
    49 "    49" 
    50 "    50" 
    51 "    51" 
    52 "    52" 
    53 "    53" 
    54 "    54" 
    55 "    55" 
    56 "    56" 
    57 "    57" 
    58 "    58" 
    59 "    59" 
    60 "    60" 
    61 "    61" 
    62 "    62" 
    63 "    63" 
    64 "    64" 
    65 "    65" 
    66 "    66" 
    67 "    67" 
    68 "    68" 
    69 "    69" 
    70 "    70" 
    71 "    71" 
    72 "    72" 
    73 "    73" 
    74 "    74" 
    75 "    75" 
    76 "    76" 
    77 "    77" 
    78 "    78" 
    79 "    79" 
    80 "    80" 
    81 "    81" 
    82 "    82" 
    83 "    83" 
    84 "    84" 
    85 "    85" 
    86 "    86" 
    87 "    87" 
    88 "    88" 
    89 "    89" 
    90 "    90" 
    91 "    91" 
    92 "    92" 
    93 "    93" 
    94 "    94" 
    95 "    95" 
    96 "    96" 
    97 "    97" 
    98 "    98" 
    99 "    99" 
   100 "   100" 
   101 "   101" 
   102 "   102" 
   103 "   103" 
   104 "   104" 
   105 "   105" 
   106 "   106" 
   107 "   107" 
   108 "   108" 
   109 "   109" 
   110 "   110" 
   111 "   111" 
   112 "   112" 
   113 "   113" 
   114 "   114" 
   115 "   115" 
   116 "   116" 
   117 "   117" 
   118 "   118" 
   119 "   119" 
   120 "   120" 
   121 "   121" 
   122 "   122" 
   123 "   123" 
   124 "   124" 
   125 "   125" 
   126 "   126" 
   127 "   127" 
   128 "   128" 
   129 "   129" 
   130 "   130" 
   131 "   131" 
   132 "   132" 
   133 "   133" 
   134 "   134" 
   135 "   135" 
   136 "   136" 
   137 "   137" 
   138 "   138" 
   139 "   139" 
   140 "   140" 
   141 "   141" 
   142 "   142" 
   143 "   143" 
   144 "   144" 
   145 "   145" 
   146 "   146" 
   147 "   147" 
   148 "   148" 
   149 "   149" 
   150 "   150" 
   151 "   151" 
   152 "   152" 
   153 "   153" 
   154 "   154" 
   155 "   155" 
   156 "   156" 
   157 "   157" 
   158 "   158" 
   159 "   159" 
   160 "   160" 
   161 "   161" 
   162 "   162" 
   163 "   163" 
   164 "   164" 
   165 "   165" 
   166 "   166" 
   167 "   167" 
   168 "   168" 
   169 "   169" 
   170 "   170" 
   171 "   171" 
   172 "   172" 
   173 "   173" 
   174 "   174" 
   175 "   175" 
   176 "   176" 
   177 "   177" 
   178 "   178" 
   179 "   179" 
   180 "   180" 
   181 "   181" 
   182 "   182" 
   183 "   183" 
   184 "   184" 
   185 "   185" 
   186 "   186" 
   187 "   187" 
   188 "   188" 
   189 "   189" 
   190 "   190" 
   191 "   191" 
   192 "   192" 
   193 "   193" 
   194 "   194" 
   195 "   195" 
   196 "   196" 
   197 "   197" 
   198 "   198" 
   199 "   199" 
   200 "   200" 
   201 "   201" 
   202 "   202" 
   203 "   203" 
   204 "   204" 
   205 "   205" 
   206 "   206" 
   207 "   207" 
   208 "   208" 
   209 "   209" 
   210 "   210" 
   211 "   211" 
   212 "   212" 
   213 "   213" 
   214 "   214" 
   215 "   215" 
   216 "   216" 
   217 "   217" 
   218 "   218" 
   219 "   219" 
   220 "   220" 
   221 "   221" 
   222 "   222" 
   223 "   223" 
   224 "   224" 
   225 "   225" 
   226 "   226" 
   227 "   227" 
   228 "   228" 
   229 "   229" 
   230 "   230" 
   231 "   231" 
   232 "   232" 
   233 "   233" 
   234 "   234" 
   235 "   235" 
   236 "   236" 
   237 "   237" 
   238 "   238" 
   239 "   239" 
   240 "   240" 
   241 "   241" 
   242 "   242" 
   243 "   243" 
   244 "   244" 
   245 "   245" 
   246 "   246" 
   247 "   247" 
   248 "   248" 
   249 "   249" 
   250 "   250" 
   251 "   251" 
   252 "   252" 
   253 "   253" 
   254 "   254" 
   255 "   255" 
   256 "   256" 
   257 "   257" 
   258 "   258" 
   259 "   259" 
   260 "   260" 
   261 "   261" 
   262 "   262" 
   263 "   263" 
   264 "   264" 
*edges 
     1      2 0.658016 
     1    100 0.599608 
     1    106 0.573906 
     1    140 0.600111 
     1    142 0.742217 
     1    149 0.643511 
     1    154 0.619711 
     1    165 0.670077 
     1    168 0.739466 
     1    169 0.628859 
     1    172 0.641933 
     1    246 0.487391 
     1    254 0.522820 
     2      1 0.658016 
     2     35 0.580403 
     2    106 0.610958 
     2    140 0.685661 
     2    141 0.846226 
     2    142 0.692193 
     3     12 0.439258 
     4     10 0.197092 
     5     75 0.506718 
     5     76 0.455841 
     6    254 0.321330 
     7     91 0.429360 
     7    226 0.418500 
     8    262 0.350077 
     9     11 0.431005 
     9    116 0.464305 
    10      4 0.197092 
    10    241 0.321000 
    11      9 0.431005 
    12      3 0.439258 
    12    193 0.464402 
    13    136 0.708612 
    13    251 0.685834 
    14    151 0.455429 
    15     16 0.544791 
    15     40 0.560560 
    16     15 0.544791 
    16     51 0.661941 
    17     18 0.607599 
    17     19 0.586067 
    17     39 0.778631 
    17     40 0.698308 
    18     17 0.607599 
    18     19 0.579398 
    18     22 0.637109 
    18     35 0.601462 
    18     39 0.660946 
    18     40 0.580525 
    19     17 0.586067 
    19     18 0.579398 
    19     21 0.475205 
    19     31 0.560227 
    19     39 0.682043 
    19     40 0.597010 
    20     33 0.633754 
    21     19 0.475205 
    21     27 0.516952 
    21     36 0.493886 
    22     18 0.637109 
    22     35 0.679304 
    22     38 0.738630 
    22    251 0.563157 
    23     31 0.479691 
    23     34 0.596809 
    24     27 0.561084 
    25     30 0.421317 
    26    255 0.513373 
    27     21 0.516952 
    27     24 0.561084 
    27     37 0.518871 
    27     43 0.471476 
    28     34 0.670882 
    28     42 0.542746 
    29     53 0.466585 
    30     25 0.421317 
    30     48 0.558708 
    30    263 0.579329 
    31     19 0.560227 
    31     23 0.479691 
    31     35 0.635278 
    31     39 0.560517 
    32     50 0.529964 
    33     20 0.633754 
    33    191 0.577642 
    33    255 0.582703 
    33    263 0.561539 
    34     23 0.596809 
    34     28 0.670882 
    35      2 0.580403 
    35     18 0.601462 
    35     22 0.679304 
    35     31 0.635278 
    35     38 0.701102 
    35    141 0.597846 
    35    223 0.517453 
    35    244 0.455434 
    36     21 0.493886 
    36     41 0.509046 
    37     27 0.518871 
    38     22 0.738630 
    38     35 0.701102 
    38    251 0.661698 
    39     17 0.778631 
    39     18 0.660946 
    39     19 0.682043 
    39     31 0.560517 
    39     40 0.754105 
    40     15 0.560560 
    40     17 0.698308 
    40     18 0.580525 
    40     19 0.597010 
    40     39 0.754105 
    41     36 0.509046 
    42     28 0.542746 
    42     44 0.744289 
    42     45 0.720892 
    42     46 0.680130 
    43     27 0.471476 
    44     42 0.744289 
    44     45 0.740694 
    44     46 0.694246 
    45     42 0.720892 
    45     44 0.740694 
    45     46 0.743107 
    45     71 0.578866 
    46     42 0.680130 
    46     44 0.694246 
    46     45 0.743107 
    47    213 0.564905 
    48     30 0.558708 
    48     59 0.612120 
    48     68 0.576299 
    48     69 0.538675 
    48     72 0.577802 
    48    210 0.552148 
    49    264 0.429928 
    50     32 0.529964 
    50     53 0.696757 
    50    178 0.611815 
    50    206 0.547756 
    50    264 0.618247 
    51     16 0.661941 
    52     55 0.505244 
    52     56 0.537089 
    52     65 0.525605 
    52     73 0.407972 
    52    208 0.496036 
    53     29 0.466585 
    53     50 0.696757 
    54    213 0.556800 
    55     52 0.505244 
    56     52 0.537089 
    56     58 0.501293 
    56     59 0.584532 
    56     60 0.652649 
    57     58 0.446857 
    57    232 0.479472 
    58     56 0.501293 
    58     57 0.446857 
    59     48 0.612120 
    59     56 0.584532 
    59     60 0.609402 
    59    212 0.568533 
    59    213 0.812637 
    59    215 0.638297 
    59    216 0.616302 
    59    217 0.552240 
    60     56 0.652649 
    60     59 0.609402 
    60    209 0.641448 
    61     66 0.423910 
    62     72 0.459397 
    62    235 0.513336 
    63     65 0.690180 
    64     65 0.638910 
    64     67 0.615669 
    65     52 0.525605 
    65     63 0.690180 
    65     64 0.638910 
    65     66 0.639363 
    65    238 0.536261 
    66     61 0.423910 
    66     65 0.639363 
    67     64 0.615669 
    68     48 0.576299 
    69     48 0.538675 
    70     71 0.482147 
    71     45 0.578866 
    71     70 0.482147 
    72     48 0.577802 
    72     62 0.459397 
    73     52 0.407972 
    74     90 0.707652 
    74     95 0.610079 
    75      5 0.506718 
    75     78 0.430794 
    76      5 0.455841 
    76    110 0.656573 
    76    181 0.509904 
    77     90 0.691097 
    77     95 0.647024 
    77    125 0.564181 
    77    143 0.657599 
    77    160 0.595816 
    78     75 0.430794 
    79     88 0.796473 
    79     89 0.781752 
    79     92 0.645757 
    79     97 0.632551 
    79     99 0.568781 
    79    100 0.747377 
    79    101 0.645191 
    79    103 0.694498 
    79    104 0.649443 
    79    105 0.640773 
    79    121 0.578605 
    80     94 0.611632 
    81     82 0.504366 
    82     81 0.504366 
    82    128 0.512458 
    82    248 0.508195 
    83    103 0.375474 
    84    118 0.528956 
    85     96 0.502169 
    85    132 0.418966 
    86    195 0.583519 
    87    195 0.546692 
    88     79 0.796473 
    88     89 0.755678 
    88     92 0.695603 
    88     97 0.602822 
    88    100 0.722439 
    88    101 0.658078 
    88    103 0.657991 
    88    104 0.697097 
    88    105 0.660142 
    88    133 0.606634 
    89     79 0.781752 
    89     88 0.755678 
    89     92 0.819556 
    89     97 0.619089 
    89    100 0.655816 
    89    101 0.716578 
    89    103 0.582264 
    89    105 0.685339 
    89    130 0.580254 
    89    219 0.676237 
    90     74 0.707652 
    90     77 0.691097 
    90     91 0.582957 
    90     93 0.703795 
    90     95 0.880759 
    90    124 0.651713 
    90    125 0.607357 
    90    136 0.613434 
    91      7 0.429360 
    91     90 0.582957 
    91     94 0.581454 
    92     79 0.645757 
    92     88 0.695603 
    92     89 0.819556 
    92     97 0.604679 
    92    101 0.690978 
    92    105 0.671899 
    92    130 0.574887 
    92    219 0.657690 
    93     90 0.703795 
    93     95 0.677810 
    94     80 0.611632 
    94     91 0.581454 
    94    133 0.607904 
    94    193 0.607802 
    94    218 0.563436 
    95     74 0.610079 
    95     77 0.647024 
    95     90 0.880759 
    95     93 0.677810 
    95    124 0.623135 
    95    125 0.610094 
    95    136 0.578754 
    96     85 0.502169 
    96    130 0.638116 
    96    177 0.563933 
    96    193 0.563493 
    96    196 0.793948 
    96    200 0.567468 
    96    204 0.592365 
    96    218 0.618134 
    96    219 0.583692 
    97     79 0.632551 
    97     88 0.602822 
    97     89 0.619089 
    97     92 0.604679 
    97    100 0.645013 
    97    101 0.670303 
    97    102 0.632569 
    97    103 0.608084 
    98    102 0.502010 
    99     79 0.568781 
    99    100 0.632202 
    99    102 0.677013 
    99    104 0.662596 
    99    105 0.610277 
    99    106 0.608237 
    99    121 0.723012 
   100      1 0.599608 
   100     79 0.747377 
   100     88 0.722439 
   100     89 0.655816 
   100     97 0.645013 
   100     99 0.632202 
   100    101 0.570805 
   100    103 0.680622 
   100    104 0.717222 
   100    105 0.600247 
   100    106 0.599157 
   100    115 0.687114 
   100    165 0.610961 
   100    197 0.651286 
   101     79 0.645191 
   101     88 0.658078 
   101     89 0.716578 
   101     92 0.690978 
   101     97 0.670303 
   101    100 0.570805 
   101    104 0.565661 
   101    105 0.587640 
   101    219 0.579268 
   102     97 0.632569 
   102     98 0.502010 
   102     99 0.677013 
   102    103 0.596378 
   102    104 0.639274 
   102    105 0.618110 
   102    106 0.580662 
   103     79 0.694498 
   103     83 0.375474 
   103     88 0.657991 
   103     89 0.582264 
   103     97 0.608084 
   103    100 0.680622 
   103    102 0.596378 
   103    104 0.726290 
   103    105 0.631555 
   103    121 0.614265 
   104     79 0.649443 
   104     88 0.697097 
   104     99 0.662596 
   104    100 0.717222 
   104    101 0.565661 
   104    102 0.639274 
   104    103 0.726290 
   104    105 0.584091 
   104    121 0.595380 
   105     79 0.640773 
   105     88 0.660142 
   105     89 0.685339 
   105     92 0.671899 
   105     99 0.610277 
   105    100 0.600247 
   105    101 0.587640 
   105    102 0.618110 
   105    103 0.631555 
   105    104 0.584091 
   105    106 0.768920 
   105    107 0.588988 
   105    113 0.658454 
   105    114 0.625699 
   105    121 0.621539 
   105    219 0.661762 
   106      1 0.573906 
   106      2 0.610958 
   106     99 0.608237 
   106    100 0.599157 
   106    102 0.580662 
   106    105 0.768920 
   106    113 0.669060 
   106    114 0.761448 
   106    214 0.616715 
   106    219 0.647224 
   107    105 0.588988 
   107    108 0.478919 
   107    109 0.686832 
   107    110 0.674631 
   107    111 0.574493 
   107    113 0.698780 
   107    114 0.610831 
   107    214 0.597218 
   107    215 0.658761 
   107    221 0.561389 
   108    107 0.478919 
   109    107 0.686832 
   109    110 0.720665 
   109    113 0.608894 
   110     76 0.656573 
   110    107 0.674631 
   110    109 0.720665 
   110    113 0.602815 
   110    215 0.573478 
   110    218 0.631122 
   110    221 0.636330 
   111    107 0.574493 
   112    175 0.577049 
   112    187 0.639559 
   112    195 0.575595 
   112    198 0.540084 
   112    202 0.589604 
   113    105 0.658454 
   113    106 0.669060 
   113    107 0.698780 
   113    109 0.608894 
   113    110 0.602815 
   113    114 0.596936 
   113    122 0.657078 
   113    214 0.634577 
   113    215 0.625197 
   114    105 0.625699 
   114    106 0.761448 
   114    107 0.610831 
   114    113 0.596936 
   114    214 0.662168 
   114    215 0.590636 
   114    219 0.665963 
   115    100 0.687114 
   116      9 0.464305 
   116    118 0.480557 
   116    196 0.494858 
   117    123 0.490398 
   118     84 0.528956 
   118    116 0.480557 
   119    204 0.561572 
   120    253 0.395793 
   121     79 0.578605 
   121     99 0.723012 
   121    103 0.614265 
   121    104 0.595380 
   121    105 0.621539 
   122    113 0.657078 
   122    215 0.562069 
   123    117 0.490398 
   123    247 0.461202 
   124     90 0.651713 
   124     95 0.623135 
   124    125 0.694310 
   124    126 0.645260 
   125     77 0.564181 
   125     90 0.607357 
   125     95 0.610094 
   125    124 0.694310 
   125    126 0.558932 
   126    124 0.645260 
   126    125 0.558932 
   127    165 0.456491 
   128     82 0.512458 
   128    130 0.476475 
   128    249 0.497292 
   129    236 0.440834 
   130     89 0.580254 
   130     92 0.574887 
   130     96 0.638116 
   130    128 0.476475 
   130    219 0.608957 
   131    236 0.571680 
   132     85 0.418966 
   133     88 0.606634 
   133     94 0.607904 
   134    135 0.803210 
   134    221 0.558651 
   135    134 0.803210 
   135    221 0.708341 
   136     13 0.708612 
   136     90 0.613434 
   136     95 0.578754 
   136    143 0.594870 
   136    150 0.559292 
   137    138 0.488026 
   137    242 0.661682 
   138    137 0.488026 
   138    214 0.556103 
   139    242 0.473163 
   140      1 0.600111 
   140      2 0.685661 
   140    141 0.721219 
   140    142 0.704340 
   140    165 0.573543 
   141      2 0.846226 
   141     35 0.597846 
   141    140 0.721219 
   141    142 0.676032 
   142      1 0.742217 
   142      2 0.692193 
   142    140 0.704340 
   142    141 0.676032 
   142    154 0.576175 
   142    165 0.717360 
   142    168 0.605121 
   142    172 0.587707 
   143     77 0.657599 
   143    136 0.594870 
   143    144 0.711762 
   143    145 0.663511 
   143    146 0.598505 
   143    150 0.754247 
   143    151 0.680097 
   143    152 0.707325 
   143    153 0.608685 
   143    154 0.616723 
   143    155 0.653329 
   143    156 0.710005 
   143    157 0.652906 
   143    159 0.614529 
   143    160 0.684056 
   143    161 0.592561 
   143    162 0.635950 
   143    163 0.706245 
   143    166 0.672787 
   143    167 0.689352 
   143    169 0.589966 
   143    170 0.674531 
   143    172 0.669958 
   143    205 0.545599 
   144    143 0.711762 
   144    145 0.764483 
   144    146 0.773536 
   144    148 0.660289 
   144    149 0.633271 
   144    150 0.821643 
   144    151 0.702730 
   144    152 0.751100 
   144    153 0.585049 
   144    155 0.837975 
   144    156 0.847945 
   144    157 0.855083 
   144    158 0.612293 
   144    159 0.729808 
   144    160 0.693458 
   144    161 0.625653 
   144    162 0.805827 
   144    163 0.799584 
   144    164 0.698295 
   144    166 0.774047 
   144    167 0.777625 
   144    169 0.653317 
   144    170 0.795901 
   144    172 0.669301 
   144    173 0.570523 
   144    258 0.577166 
   145    143 0.663511 
   145    144 0.764483 
   145    146 0.746550 
   145    148 0.656135 
   145    149 0.731692 
   145    150 0.752196 
   145    151 0.600849 
   145    152 0.737789 
   145    155 0.855024 
   145    156 0.833897 
   145    157 0.759565 
   145    159 0.704606 
   145    160 0.785321 
   145    161 0.575434 
   145    162 0.729375 
   145    163 0.913427 
   145    164 0.665548 
   145    166 0.768568 
   145    167 0.904226 
   145    168 0.596411 
   145    169 0.677500 
   145    170 0.838372 
   145    172 0.724969 
   145    173 0.608439 
   146    143 0.598505 
   146    144 0.773536 
   146    145 0.746550 
   146    148 0.657139 
   146    150 0.728790 
   146    151 0.758309 
   146    152 0.831319 
   146    153 0.587377 
   146    155 0.843570 
   146    156 0.801873 
   146    157 0.782249 
   146    158 0.639645 
   146    159 0.733373 
   146    160 0.727671 
   146    162 0.782519 
   146    163 0.783913 
   146    164 0.656033 
   146    166 0.780597 
   146    167 0.816769 
   146    170 0.871078 
   146    172 0.652308 
   146    258 0.603284 
   147    169 0.379107 
   148    144 0.660289 
   148    145 0.656135 
   148    146 0.657139 
   148    150 0.684921 
   148    151 0.713672 
   148    152 0.699466 
   148    155 0.697424 
   148    156 0.682089 
   148    157 0.650953 
   148    160 0.575059 
   148    162 0.570678 
   148    163 0.660089 
   148    166 0.667438 
   148    167 0.669773 
   148    170 0.666730 
   148    172 0.568986 
   149      1 0.643511 
   149    144 0.633271 
   149    145 0.731692 
   149    150 0.598065 
   149    154 0.640936 
   149    155 0.687577 
   149    156 0.693564 
   149    157 0.641614 
   149    160 0.580782 
   149    161 0.660013 
   149    162 0.662448 
   149    163 0.675770 
   149    164 0.754316 
   149    166 0.607872 
   149    167 0.635528 
   149    168 0.799578 
   149    169 0.837970 
   149    170 0.647388 
   149    171 0.737165 
   149    172 0.706846 
   149    173 0.700543 
   150    136 0.559292 
   150    143 0.754247 
   150    144 0.821643 
   150    145 0.752196 
   150    146 0.728790 
   150    148 0.684921 
   150    149 0.598065 
   150    151 0.774611 
   150    152 0.809882 
   150    153 0.660397 
   150    155 0.798150 
   150    156 0.841618 
   150    157 0.831224 
   150    158 0.614342 
   150    159 0.711865 
   150    160 0.771931 
   150    161 0.678452 
   150    162 0.795698 
   150    163 0.780949 
   150    164 0.703136 
   150    166 0.791642 
   150    167 0.782961 
   150    169 0.651073 
   150    170 0.773934 
   150    172 0.742835 
   150    173 0.634351 
   150    258 0.558848 
   151     14 0.455429 
   151    143 0.680097 
   151    144 0.702730 
   151    145 0.600849 
   151    146 0.758309 
   151    148 0.713672 
   151    150 0.774611 
   151    152 0.796867 
   151    153 0.585317 
   151    155 0.742755 
   151    156 0.736243 
   151    157 0.696396 
   151    158 0.592880 
   151    159 0.660619 
   151    160 0.649845 
   151    162 0.668021 
   151    163 0.703265 
   151    166 0.744331 
   151    167 0.739213 
   151    170 0.709013 
   151    172 0.635022 
   152    143 0.707325 
   152    144 0.751100 
   152    145 0.737789 
   152    146 0.831319 
   152    148 0.699466 
   152    150 0.809882 
   152    151 0.796867 
   152    155 0.774354 
   152    156 0.764675 
   152    157 0.751539 
   152    158 0.581517 
   152    159 0.715420 
   152    160 0.770569 
   152    161 0.583611 
   152    162 0.697917 
   152    163 0.794687 
   152    164 0.582174 
   152    166 0.793109 
   152    167 0.791592 
   152    170 0.778295 
   152    172 0.588220 
   152    258 0.564673 
   153    143 0.608685 
   153    144 0.585049 
   153    146 0.587377 
   153    150 0.660397 
   153    151 0.585317 
   153    154 0.598121 
   153    155 0.599702 
   153    156 0.634553 
   153    157 0.610574 
   153    159 0.566848 
   153    161 0.628633 
   153    162 0.658607 
   153    163 0.564463 
   153    164 0.609996 
   153    167 0.592123 
   153    169 0.576523 
   153    170 0.599610 
   153    172 0.686073 
   153    259 0.584750 
   154      1 0.619711 
   154    142 0.576175 
   154    143 0.616723 
   154    149 0.640936 
   154    153 0.598121 
   154    161 0.576528 
   154    168 0.769819 
   154    169 0.721576 
   154    172 0.699849 
   154    253 0.632229 
   155    143 0.653329 
   155    144 0.837975 
   155    145 0.855024 
   155    146 0.843570 
   155    148 0.697424 
   155    149 0.687577 
   155    150 0.798150 
   155    151 0.742755 
   155    152 0.774354 
   155    153 0.599702 
   155    156 0.911849 
   155    157 0.867602 
   155    158 0.627345 
   155    159 0.800545 
   155    160 0.743511 
   155    162 0.848680 
   155    163 0.867083 
   155    164 0.694800 
   155    166 0.837313 
   155    167 0.859211 
   155    169 0.651550 
   155    170 0.841191 
   155    172 0.735945 
   155    173 0.590000 
   155    258 0.585873 
   156    143 0.710005 
   156    144 0.847945 
   156    145 0.833897 
   156    146 0.801873 
   156    148 0.682089 
   156    149 0.693564 
   156    150 0.841618 
   156    151 0.736243 
   156    152 0.764675 
   156    153 0.634553 
   156    155 0.911849 
   156    157 0.884798 
   156    158 0.617024 
   156    159 0.832750 
   156    160 0.730918 
   156    161 0.611794 
   156    162 0.851344 
   156    163 0.855947 
   156    164 0.704424 
   156    166 0.839054 
   156    167 0.848829 
   156    169 0.665094 
   156    170 0.840101 
   156    172 0.761150 
   156    173 0.609052 
   157    143 0.652906 
   157    144 0.855083 
   157    145 0.759565 
   157    146 0.782249 
   157    148 0.650953 
   157    149 0.641614 
   157    150 0.831224 
   157    151 0.696396 
   157    152 0.751539 
   157    153 0.610574 
   157    155 0.867602 
   157    156 0.884798 
   157    158 0.635200 
   157    159 0.798349 
   157    160 0.671772 
   157    161 0.611162 
   157    162 0.858382 
   157    163 0.811440 
   157    164 0.711378 
   157    166 0.792082 
   157    167 0.776262 
   157    169 0.670443 
   157    170 0.796746 
   157    172 0.685370 
   157    173 0.571517 
   157    258 0.601089 
   158    144 0.612293 
   158    146 0.639645 
   158    150 0.614342 
   158    151 0.592880 
   158    152 0.581517 
   158    155 0.627345 
   158    156 0.617024 
   158    157 0.635200 
   158    162 0.678885 
   158    166 0.562070 
   158    170 0.643147 
   159    143 0.614529 
   159    144 0.729808 
   159    145 0.704606 
   159    146 0.733373 
   159    150 0.711865 
   159    151 0.660619 
   159    152 0.715420 
   159    153 0.566848 
   159    155 0.800545 
   159    156 0.832750 
   159    157 0.798349 
   159    160 0.639844 
   159    162 0.733242 
   159    163 0.789172 
   159    166 0.763895 
   159    167 0.764130 
   159    170 0.721277 
   159    172 0.638410 
   160     77 0.595816 
   160    143 0.684056 
   160    144 0.693458 
   160    145 0.785321 
   160    146 0.727671 
   160    148 0.575059 
   160    149 0.580782 
   160    150 0.771931 
   160    151 0.649845 
   160    152 0.770569 
   160    155 0.743511 
   160    156 0.730918 
   160    157 0.671772 
   160    159 0.639844 
   160    161 0.558216 
   160    162 0.648245 
   160    163 0.764815 
   160    164 0.662987 
   160    166 0.772025 
   160    167 0.750634 
   160    169 0.578820 
   160    170 0.754552 
   160    172 0.642006 
   160    173 0.607995 
   161    143 0.592561 
   161    144 0.625653 
   161    145 0.575434 
   161    149 0.660013 
   161    150 0.678452 
   161    152 0.583611 
   161    153 0.628633 
   161    154 0.576528 
   161    156 0.611794 
   161    157 0.611162 
   161    160 0.558216 
   161    162 0.607053 
   161    163 0.579096 
   161    164 0.718438 
   161    166 0.571801 
   161    167 0.569056 
   161    169 0.652491 
   161    170 0.567476 
   161    172 0.586578 
   161    173 0.635177 
   162    143 0.635950 
   162    144 0.805827 
   162    145 0.729375 
   162    146 0.782519 
   162    148 0.570678 
   162    149 0.662448 
   162    150 0.795698 
   162    151 0.668021 
   162    152 0.697917 
   162    153 0.658607 
   162    155 0.848680 
   162    156 0.851344 
   162    157 0.858382 
   162    158 0.678885 
   162    159 0.733242 
   162    160 0.648245 
   162    161 0.607053 
   162    163 0.761524 
   162    164 0.714097 
   162    166 0.763860 
   162    167 0.777576 
   162    169 0.680114 
   162    170 0.810419 
   162    172 0.713972 
   162    173 0.652490 
   163    143 0.706245 
   163    144 0.799584 
   163    145 0.913427 
   163    146 0.783913 
   163    148 0.660089 
   163    149 0.675770 
   163    150 0.780949 
   163    151 0.703265 
   163    152 0.794687 
   163    153 0.564463 
   163    155 0.867083 
   163    156 0.855947 
   163    157 0.811440 
   163    159 0.789172 
   163    160 0.764815 
   163    161 0.579096 
   163    162 0.761524 
   163    164 0.634642 
   163    166 0.784377 
   163    167 0.905532 
   163    169 0.641636 
   163    170 0.837060 
   163    172 0.739958 
   164    144 0.698295 
   164    145 0.665548 
   164    146 0.656033 
   164    149 0.754316 
   164    150 0.703136 
   164    152 0.582174 
   164    153 0.609996 
   164    155 0.694800 
   164    156 0.704424 
   164    157 0.711378 
   164    160 0.662987 
   164    161 0.718438 
   164    162 0.714097 
   164    163 0.634642 
   164    166 0.656392 
   164    167 0.643721 
   164    168 0.574998 
   164    169 0.730928 
   164    170 0.688182 
   164    172 0.642881 
   164    173 0.680175 
   164    258 0.577348 
   165      1 0.670077 
   165    100 0.610961 
   165    127 0.456491 
   165    140 0.573543 
   165    142 0.717360 
   165    184 0.424610 
   166    143 0.672787 
   166    144 0.774047 
   166    145 0.768568 
   166    146 0.780597 
   166    148 0.667438 
   166    149 0.607872 
   166    150 0.791642 
   166    151 0.744331 
   166    152 0.793109 
   166    155 0.837313 
   166    156 0.839054 
   166    157 0.792082 
   166    158 0.562070 
   166    159 0.763895 
   166    160 0.772025 
   166    161 0.571801 
   166    162 0.763860 
   166    163 0.784377 
   166    164 0.656392 
   166    167 0.784754 
   166    169 0.570610 
   166    170 0.783775 
   166    172 0.678764 
   167    143 0.689352 
   167    144 0.777625 
   167    145 0.904226 
   167    146 0.816769 
   167    148 0.669773 
   167    149 0.635528 
   167    150 0.782961 
   167    151 0.739213 
   167    152 0.791592 
   167    153 0.592123 
   167    155 0.859211 
   167    156 0.848829 
   167    157 0.776262 
   167    159 0.764130 
   167    160 0.750634 
   167    161 0.569056 
   167    162 0.777576 
   167    163 0.905532 
   167    164 0.643721 
   167    166 0.784754 
   167    169 0.592932 
   167    170 0.866033 
   167    172 0.740264 
   167    173 0.601034 
   168      1 0.739466 
   168    142 0.605121 
   168    145 0.596411 
   168    149 0.799578 
   168    154 0.769819 
   168    164 0.574998 
   168    169 0.815145 
   168    171 0.659417 
   168    172 0.691604 
   168    173 0.581514 
   169      1 0.628859 
   169    143 0.589966 
   169    144 0.653317 
   169    145 0.677500 
   169    147 0.379107 
   169    149 0.837970 
   169    150 0.651073 
   169    153 0.576523 
   169    154 0.721576 
   169    155 0.651550 
   169    156 0.665094 
   169    157 0.670443 
   169    160 0.578820 
   169    161 0.652491 
   169    162 0.680114 
   169    163 0.641636 
   169    164 0.730928 
   169    166 0.570610 
   169    167 0.592932 
   169    168 0.815145 
   169    170 0.627820 
   169    171 0.611918 
   169    172 0.709447 
   169    173 0.771255 
   170    143 0.674531 
   170    144 0.795901 
   170    145 0.838372 
   170    146 0.871078 
   170    148 0.666730 
   170    149 0.647388 
   170    150 0.773934 
   170    151 0.709013 
   170    152 0.778295 
   170    153 0.599610 
   170    155 0.841191 
   170    156 0.840101 
   170    157 0.796746 
   170    158 0.643147 
   170    159 0.721277 
   170    160 0.754552 
   170    161 0.567476 
   170    162 0.810419 
   170    163 0.837060 
   170    164 0.688182 
   170    166 0.783775 
   170    167 0.866033 
   170    169 0.627820 
   170    172 0.773017 
   170    173 0.588289 
   171    149 0.737165 
   171    168 0.659417 
   171    169 0.611918 
   172      1 0.641933 
   172    142 0.587707 
   172    143 0.669958 
   172    144 0.669301 
   172    145 0.724969 
   172    146 0.652308 
   172    148 0.568986 
   172    149 0.706846 
   172    150 0.742835 
   172    151 0.635022 
   172    152 0.588220 
   172    153 0.686073 
   172    154 0.699849 
   172    155 0.735945 
   172    156 0.761150 
   172    157 0.685370 
   172    159 0.638410 
   172    160 0.642006 
   172    161 0.586578 
   172    162 0.713972 
   172    163 0.739958 
   172    164 0.642881 
   172    166 0.678764 
   172    167 0.740264 
   172    168 0.691604 
   172    169 0.709447 
   172    170 0.773017 
   172    173 0.611751 
   173    144 0.570523 
   173    145 0.608439 
   173    149 0.700543 
   173    150 0.634351 
   173    155 0.590000 
   173    156 0.609052 
   173    157 0.571517 
   173    160 0.607995 
   173    161 0.635177 
   173    162 0.652490 
   173    164 0.680175 
   173    167 0.601034 
   173    168 0.581514 
   173    169 0.771255 
   173    170 0.588289 
   173    172 0.611751 
   174    187 0.537720 
   175    112 0.577049 
   175    190 0.578323 
   175    192 0.634642 
   175    193 0.743659 
   175    195 0.619033 
   175    196 0.683206 
   175    200 0.637841 
   176    261 0.631733 
   177     96 0.563933 
   177    204 0.560264 
   178     50 0.611815 
   179    260 0.612492 
   180    211 0.445603 
   181     76 0.509904 
   182    190 0.402443 
   183    193 0.531423 
   184    165 0.424610 
   185    219 0.467483 
   185    245 0.272908 
   186    199 0.625487 
   187    112 0.639559 
   187    174 0.537720 
   187    195 0.720028 
   187    201 0.626312 
   188    189 0.520644 
   189    188 0.520644 
   189    190 0.625362 
   189    218 0.685992 
   190    175 0.578323 
   190    182 0.402443 
   190    189 0.625362 
   190    192 0.816600 
   190    193 0.676207 
   190    200 0.645049 
   190    218 0.568155 
   191     33 0.577642 
   191    251 0.632753 
   191    256 0.602125 
   191    259 0.606658 
   191    260 0.737846 
   191    263 0.666957 
   192    175 0.634642 
   192    190 0.816600 
   192    193 0.657442 
   192    194 0.577345 
   192    196 0.642784 
   192    199 0.612115 
   192    200 0.701753 
   193     12 0.464402 
   193     94 0.607802 
   193     96 0.563493 
   193    175 0.743659 
   193    183 0.531423 
   193    190 0.676207 
   193    192 0.657442 
   193    195 0.578954 
   193    196 0.692041 
   193    200 0.635814 
   193    218 0.613761 
   194    192 0.577345 
   195     86 0.583519 
   195     87 0.546692 
   195    112 0.575595 
   195    175 0.619033 
   195    187 0.720028 
   195    193 0.578954 
   195    201 0.566509 
   196     96 0.793948 
   196    116 0.494858 
   196    175 0.683206 
   196    192 0.642784 
   196    193 0.692041 
   196    200 0.733248 
   196    218 0.627218 
   197    100 0.651286 
   198    112 0.540084 
   199    186 0.625487 
   199    192 0.612115 
   199    259 0.574865 
   200     96 0.567468 
   200    175 0.637841 
   200    190 0.645049 
   200    192 0.701753 
   200    193 0.635814 
   200    196 0.733248 
   201    187 0.626312 
   201    195 0.566509 
   202    112 0.589604 
   203    262 0.507335 
   204     96 0.592365 
   204    119 0.561572 
   204    177 0.560264 
   204    218 0.719349 
   205    143 0.545599 
   206     50 0.547756 
   207    215 0.416707 
   208     52 0.496036 
   209     60 0.641448 
   210     48 0.552148 
   211    180 0.445603 
   211    218 0.588318 
   212     59 0.568533 
   213     47 0.564905 
   213     54 0.556800 
   213     59 0.812637 
   213    215 0.657081 
   213    216 0.739518 
   214    106 0.616715 
   214    107 0.597218 
   214    113 0.634577 
   214    114 0.662168 
   214    138 0.556103 
   214    215 0.643247 
   214    219 0.571673 
   214    220 0.593359 
   215     59 0.638297 
   215    107 0.658761 
   215    110 0.573478 
   215    113 0.625197 
   215    114 0.590636 
   215    122 0.562069 
   215    207 0.416707 
   215    213 0.657081 
   215    214 0.643247 
   215    216 0.592388 
   215    218 0.598376 
   216     59 0.616302 
   216    213 0.739518 
   216    215 0.592388 
   217     59 0.552240 
   218     94 0.563436 
   218     96 0.618134 
   218    110 0.631122 
   218    189 0.685992 
   218    190 0.568155 
   218    193 0.613761 
   218    196 0.627218 
   218    204 0.719349 
   218    211 0.588318 
   218    215 0.598376 
   219     89 0.676237 
   219     92 0.657690 
   219     96 0.583692 
   219    101 0.579268 
   219    105 0.661762 
   219    106 0.647224 
   219    114 0.665963 
   219    130 0.608957 
   219    185 0.467483 
   219    214 0.571673 
   220    214 0.593359 
   221    107 0.561389 
   221    110 0.636330 
   221    134 0.558651 
   221    135 0.708341 
   222    226 0.619871 
   223     35 0.517453 
   223    224 0.517998 
   223    234 0.535563 
   224    223 0.517998 
   224    225 0.545062 
   225    224 0.545062 
   226      7 0.418500 
   226    222 0.619871 
   227    230 0.617150 
   227    233 0.600233 
   228    233 0.676677 
   228    234 0.708471 
   229    231 0.514334 
   230    227 0.617150 
   230    231 0.449900 
   230    233 0.618750 
   231    229 0.514334 
   231    230 0.449900 
   232     57 0.479472 
   233    227 0.600233 
   233    228 0.676677 
   233    230 0.618750 
   233    234 0.669234 
   234    223 0.535563 
   234    228 0.708471 
   234    233 0.669234 
   235     62 0.513336 
   235    237 0.479002 
   235    239 0.575463 
   235    240 0.659643 
   235    252 0.469841 
   236    129 0.440834 
   236    131 0.571680 
   236    242 0.544395 
   237    235 0.479002 
   238     65 0.536261 
   239    235 0.575463 
   239    241 0.328417 
   240    235 0.659643 
   241     10 0.321000 
   241    239 0.328417 
   242    137 0.661682 
   242    139 0.473163 
   242    236 0.544395 
   243    246 0.472887 
   244     35 0.455434 
   245    185 0.272908 
   246      1 0.487391 
   246    243 0.472887 
   247    123 0.461202 
   247    248 0.649673 
   248     82 0.508195 
   248    247 0.649673 
   249    128 0.497292 
   249    250 0.427062 
   250    249 0.427062 
   251     13 0.685834 
   251     22 0.563157 
   251     38 0.661698 
   251    191 0.632753 
   251    256 0.675641 
   251    260 0.591438 
   251    263 0.745475 
   251    264 0.589197 
   252    235 0.469841 
   253    120 0.395793 
   253    154 0.632229 
   253    260 0.558682 
   254      1 0.522820 
   254      6 0.321330 
   255     26 0.513373 
   255     33 0.582703 
   256    191 0.602125 
   256    251 0.675641 
   256    260 0.620192 
   256    263 0.671986 
   256    264 0.594389 
   257    263 0.502064 
   258    144 0.577166 
   258    146 0.603284 
   258    150 0.558848 
   258    152 0.564673 
   258    155 0.585873 
   258    157 0.601089 
   258    164 0.577348 
   258    263 0.564202 
   259    153 0.584750 
   259    191 0.606658 
   259    199 0.574865 
   259    260 0.652773 
   259    262 0.597774 
   259    263 0.617208 
   260    179 0.612492 
   260    191 0.737846 
   260    251 0.591438 
   260    253 0.558682 
   260    256 0.620192 
   260    259 0.652773 
   260    261 0.542680 
   260    262 0.652616 
   260    263 0.651278 
   261    176 0.631733 
   261    260 0.542680 
   262      8 0.350077 
   262    203 0.507335 
   262    259 0.597774 
   262    260 0.652616 
   263     30 0.579329 
   263     33 0.561539 
   263    191 0.666957 
   263    251 0.745475 
   263    256 0.671986 
   263    257 0.502064 
   263    258 0.564202 
   263    259 0.617208 
   263    260 0.651278 
   263    264 0.575708 
   264     49 0.429928 
   264     50 0.618247 
   264    251 0.589197 
   264    256 0.594389 
   264    263 0.575708 
