*vertices    264 
     1 "     1" 
     2 "     2" 
     3 "     3" 
     4 "     4" 
     5 "     5" 
     6 "     6" 
     7 "     7" 
     8 "     8" 
     9 "     9" 
    10 "    10" 
    11 "    11" 
    12 "    12" 
    13 "    13" 
    14 "    14" 
    15 "    15" 
    16 "    16" 
    17 "    17" 
    18 "    18" 
    19 "    19" 
    20 "    20" 
    21 "    21" 
    22 "    22" 
    23 "    23" 
    24 "    24" 
    25 "    25" 
    26 "    26" 
    27 "    27" 
    28 "    28" 
    29 "    29" 
    30 "    30" 
    31 "    31" 
    32 "    32" 
    33 "    33" 
    34 "    34" 
    35 "    35" 
    36 "    36" 
    37 "    37" 
    38 "    38" 
    39 "    39" 
    40 "    40" 
    41 "    41" 
    42 "    42" 
    43 "    43" 
    44 "    44" 
    45 "    45" 
    46 "    46" 
    47 "    47" 
    48 "    48" 
    49 "    49" 
    50 "    50" 
    51 "    51" 
    52 "    52" 
    53 "    53" 
    54 "    54" 
    55 "    55" 
    56 "    56" 
    57 "    57" 
    58 "    58" 
    59 "    59" 
    60 "    60" 
    61 "    61" 
    62 "    62" 
    63 "    63" 
    64 "    64" 
    65 "    65" 
    66 "    66" 
    67 "    67" 
    68 "    68" 
    69 "    69" 
    70 "    70" 
    71 "    71" 
    72 "    72" 
    73 "    73" 
    74 "    74" 
    75 "    75" 
    76 "    76" 
    77 "    77" 
    78 "    78" 
    79 "    79" 
    80 "    80" 
    81 "    81" 
    82 "    82" 
    83 "    83" 
    84 "    84" 
    85 "    85" 
    86 "    86" 
    87 "    87" 
    88 "    88" 
    89 "    89" 
    90 "    90" 
    91 "    91" 
    92 "    92" 
    93 "    93" 
    94 "    94" 
    95 "    95" 
    96 "    96" 
    97 "    97" 
    98 "    98" 
    99 "    99" 
   100 "   100" 
   101 "   101" 
   102 "   102" 
   103 "   103" 
   104 "   104" 
   105 "   105" 
   106 "   106" 
   107 "   107" 
   108 "   108" 
   109 "   109" 
   110 "   110" 
   111 "   111" 
   112 "   112" 
   113 "   113" 
   114 "   114" 
   115 "   115" 
   116 "   116" 
   117 "   117" 
   118 "   118" 
   119 "   119" 
   120 "   120" 
   121 "   121" 
   122 "   122" 
   123 "   123" 
   124 "   124" 
   125 "   125" 
   126 "   126" 
   127 "   127" 
   128 "   128" 
   129 "   129" 
   130 "   130" 
   131 "   131" 
   132 "   132" 
   133 "   133" 
   134 "   134" 
   135 "   135" 
   136 "   136" 
   137 "   137" 
   138 "   138" 
   139 "   139" 
   140 "   140" 
   141 "   141" 
   142 "   142" 
   143 "   143" 
   144 "   144" 
   145 "   145" 
   146 "   146" 
   147 "   147" 
   148 "   148" 
   149 "   149" 
   150 "   150" 
   151 "   151" 
   152 "   152" 
   153 "   153" 
   154 "   154" 
   155 "   155" 
   156 "   156" 
   157 "   157" 
   158 "   158" 
   159 "   159" 
   160 "   160" 
   161 "   161" 
   162 "   162" 
   163 "   163" 
   164 "   164" 
   165 "   165" 
   166 "   166" 
   167 "   167" 
   168 "   168" 
   169 "   169" 
   170 "   170" 
   171 "   171" 
   172 "   172" 
   173 "   173" 
   174 "   174" 
   175 "   175" 
   176 "   176" 
   177 "   177" 
   178 "   178" 
   179 "   179" 
   180 "   180" 
   181 "   181" 
   182 "   182" 
   183 "   183" 
   184 "   184" 
   185 "   185" 
   186 "   186" 
   187 "   187" 
   188 "   188" 
   189 "   189" 
   190 "   190" 
   191 "   191" 
   192 "   192" 
   193 "   193" 
   194 "   194" 
   195 "   195" 
   196 "   196" 
   197 "   197" 
   198 "   198" 
   199 "   199" 
   200 "   200" 
   201 "   201" 
   202 "   202" 
   203 "   203" 
   204 "   204" 
   205 "   205" 
   206 "   206" 
   207 "   207" 
   208 "   208" 
   209 "   209" 
   210 "   210" 
   211 "   211" 
   212 "   212" 
   213 "   213" 
   214 "   214" 
   215 "   215" 
   216 "   216" 
   217 "   217" 
   218 "   218" 
   219 "   219" 
   220 "   220" 
   221 "   221" 
   222 "   222" 
   223 "   223" 
   224 "   224" 
   225 "   225" 
   226 "   226" 
   227 "   227" 
   228 "   228" 
   229 "   229" 
   230 "   230" 
   231 "   231" 
   232 "   232" 
   233 "   233" 
   234 "   234" 
   235 "   235" 
   236 "   236" 
   237 "   237" 
   238 "   238" 
   239 "   239" 
   240 "   240" 
   241 "   241" 
   242 "   242" 
   243 "   243" 
   244 "   244" 
   245 "   245" 
   246 "   246" 
   247 "   247" 
   248 "   248" 
   249 "   249" 
   250 "   250" 
   251 "   251" 
   252 "   252" 
   253 "   253" 
   254 "   254" 
   255 "   255" 
   256 "   256" 
   257 "   257" 
   258 "   258" 
   259 "   259" 
   260 "   260" 
   261 "   261" 
   262 "   262" 
   263 "   263" 
   264 "   264" 
*edges 
     1      2 0.279167 
     1    142 0.708933 
     1    158 0.549757 
     1    168 0.584594 
     1    169 0.578221 
     1    171 0.632279 
     1    172 0.560269 
     1    173 0.593033 
     2      1 0.279167 
     2    114 0.564635 
     2    165 0.612247 
     3    180 0.410668 
     4    253 0.359116 
     5     76 0.436125 
     6    119 0.412134 
     7    165 0.396490 
     8     84 0.462725 
     8    182 0.500093 
     8    183 0.393324 
     9     97 0.571728 
     9    105 0.551054 
     9    106 0.675697 
     9    116 0.586607 
    10    106 0.371926 
    11    105 0.522664 
    12     94 0.556138 
    12     97 0.540379 
    12    105 0.564955 
    12    106 0.612719 
    13     22 0.683785 
    13     49 0.596033 
    13     50 0.553104 
    13     53 0.573911 
    13     80 0.561614 
    13    263 0.758540 
    13    264 0.639255 
    14    196 0.282516 
    15     28 0.549532 
    15     40 0.576853 
    15     47 0.495429 
    15    203 0.467826 
    16     54 0.418242 
    17     39 0.558282 
    18     39 0.536304 
    19     31 0.513553 
    20     24 0.694741 
    20     27 0.653186 
    20     33 0.606267 
    20     65 0.642469 
    21     25 0.581161 
    21     32 0.541063 
    21     36 0.657420 
    22     13 0.683785 
    22    218 0.560226 
    22    263 0.565123 
    22    264 0.565591 
    23     24 0.550251 
    23     34 0.644760 
    23     35 0.541095 
    23     38 0.573575 
    23    246 0.368523 
    24     20 0.694741 
    24     23 0.550251 
    24     27 0.692975 
    24     33 0.581746 
    24     65 0.580518 
    24    245 0.338682 
    25     21 0.581161 
    25     30 0.726790 
    25     32 0.736888 
    25     36 0.746167 
    25     40 0.611867 
    25     72 0.541409 
    26     32 0.450559 
    27     20 0.653186 
    27     24 0.692975 
    27     37 0.716406 
    27     65 0.561120 
    28     15 0.549532 
    28     34 0.637504 
    29     62 0.485993 
    30     25 0.726790 
    30     32 0.614641 
    30     36 0.592645 
    30     40 0.612170 
    31     19 0.513553 
    31     35 0.640225 
    31     38 0.630524 
    31     39 0.558541 
    32     21 0.541063 
    32     25 0.736888 
    32     26 0.450559 
    32     30 0.614641 
    32     35 0.571539 
    32     36 0.593955 
    32     49 0.597286 
    32    201 0.473337 
    33     20 0.606267 
    33     24 0.581746 
    33    255 0.636867 
    34     23 0.644760 
    34     28 0.637504 
    35     23 0.541095 
    35     31 0.640225 
    35     32 0.571539 
    35     38 0.576524 
    35     49 0.613091 
    35     50 0.563329 
    35    219 0.459104 
    36     21 0.657420 
    36     25 0.746167 
    36     30 0.592645 
    36     32 0.593955 
    36     40 0.592854 
    36     41 0.619953 
    36     68 0.547008 
    37     27 0.716406 
    38     23 0.573575 
    38     31 0.630524 
    38     35 0.576524 
    39     17 0.558282 
    39     18 0.536304 
    39     31 0.558541 
    40     15 0.576853 
    40     25 0.611867 
    40     30 0.612170 
    40     36 0.592854 
    41     36 0.619953 
    42     45 0.524263 
    43     45 0.388791 
    43     71 0.449920 
    44     45 0.679769 
    44     46 0.516804 
    45     42 0.524263 
    45     43 0.388791 
    45     44 0.679769 
    45    257 0.421463 
    46     44 0.516804 
    47     15 0.495429 
    47     54 0.487583 
    47     57 0.566921 
    48    206 0.420648 
    49     13 0.596033 
    49     32 0.597286 
    49     35 0.613091 
    49     50 0.534115 
    49     53 0.624579 
    49    206 0.438149 
    49    263 0.542575 
    49    264 0.560878 
    50     13 0.553104 
    50     35 0.563329 
    50     49 0.534115 
    50    100 0.522390 
    51     57 0.406720 
    52     56 0.486323 
    52     57 0.504808 
    53     13 0.573911 
    53     49 0.624579 
    53    263 0.566569 
    53    264 0.553100 
    54     16 0.418242 
    54     47 0.487583 
    55     57 0.459763 
    55    243 0.334395 
    56     52 0.486323 
    56    200 0.565426 
    57     47 0.566921 
    57     51 0.406720 
    57     52 0.504808 
    57     55 0.459763 
    57     60 0.680767 
    57    208 0.478667 
    58    177 0.615356 
    59    202 0.564673 
    59    215 0.701464 
    59    216 0.584583 
    59    224 0.504841 
    60     57 0.680767 
    61     64 0.552185 
    62     29 0.485993 
    62    237 0.507973 
    63     64 0.574640 
    63     66 0.691991 
    63    123 0.436908 
    63    237 0.596526 
    64     61 0.552185 
    64     63 0.574640 
    64     66 0.618780 
    64     67 0.537557 
    64     73 0.462256 
    65     20 0.642469 
    65     24 0.580518 
    65     27 0.561120 
    65     66 0.560996 
    65     68 0.642903 
    65     69 0.410038 
    65     70 0.489486 
    66     63 0.691991 
    66     64 0.618780 
    66     65 0.560996 
    66    237 0.596590 
    67     64 0.537557 
    68     36 0.547008 
    68     65 0.642903 
    69     65 0.410038 
    70     65 0.489486 
    71     43 0.449920 
    72     25 0.541409 
    72    255 0.570598 
    73     64 0.462256 
    74     80 0.618758 
    74     97 0.570612 
    74    177 0.585206 
    74    178 0.568702 
    74    253 0.551241 
    74    259 0.570868 
    75     78 0.420996 
    76      5 0.436125 
    76     86 0.540942 
    76    105 0.626121 
    76    106 0.628886 
    76    109 0.616481 
    76    110 0.540698 
    77     91 0.558368 
    78     75 0.420996 
    78    248 0.426727 
    79     81 0.563601 
    79     86 0.603962 
    79     87 0.545473 
    80     13 0.561614 
    80     74 0.618758 
    80    177 0.542692 
    80    251 0.544062 
    80    263 0.577035 
    80    264 0.633419 
    81     79 0.563601 
    81     84 0.466240 
    81    128 0.469686 
    81    129 0.612213 
    81    137 0.501214 
    82    128 0.426751 
    82    250 0.400041 
    83     86 0.622484 
    83     87 0.610981 
    83    106 0.570015 
    84      8 0.462725 
    84     81 0.466240 
    85    216 0.430696 
    86     76 0.540942 
    86     79 0.603962 
    86     83 0.622484 
    86     87 0.794222 
    86     88 0.582970 
    86     92 0.654678 
    86     94 0.547486 
    86     96 0.571354 
    86     97 0.607253 
    86     99 0.715823 
    86    105 0.614012 
    86    106 0.666795 
    86    107 0.566802 
    86    116 0.584566 
    86    194 0.545304 
    86    195 0.553376 
    87     79 0.545473 
    87     83 0.610981 
    87     86 0.794222 
    87     88 0.640863 
    87     89 0.561553 
    87     91 0.611820 
    87     92 0.625059 
    87     94 0.629653 
    87     97 0.585063 
    87     99 0.708686 
    87    103 0.631702 
    87    105 0.595573 
    87    106 0.644779 
    87    116 0.550223 
    87    120 0.527202 
    88     86 0.582970 
    88     87 0.640863 
    88     90 0.562315 
    88     91 0.753121 
    88     92 0.710559 
    88     94 0.588293 
    88     99 0.560775 
    89     87 0.561553 
    89     90 0.649733 
    89     91 0.636325 
    89     92 0.720283 
    89     95 0.632879 
    89     96 0.581428 
    89    105 0.587925 
    89    130 0.616220 
    89    136 0.707556 
    89    218 0.542478 
    90     88 0.562315 
    90     89 0.649733 
    90     91 0.732874 
    90     92 0.553881 
    90     93 0.626637 
    90     94 0.591539 
    90     95 0.731130 
    91     77 0.558368 
    91     87 0.611820 
    91     88 0.753121 
    91     89 0.636325 
    91     90 0.732874 
    91     92 0.676025 
    91     94 0.558560 
    91     95 0.558305 
    91    260 0.541650 
    92     86 0.654678 
    92     87 0.625059 
    92     88 0.710559 
    92     89 0.720283 
    92     90 0.553881 
    92     91 0.676025 
    92     94 0.534474 
    92     95 0.612240 
    92     96 0.619088 
    92     97 0.572684 
    92    105 0.681859 
    92    106 0.634516 
    92    116 0.571919 
    92    122 0.552734 
    92    215 0.581955 
    93     90 0.626637 
    93     95 0.555466 
    94     12 0.556138 
    94     86 0.547486 
    94     87 0.629653 
    94     88 0.588293 
    94     90 0.591539 
    94     91 0.558560 
    94     92 0.534474 
    94     95 0.559412 
    94     97 0.576507 
    94     99 0.555387 
    94    106 0.600502 
    94    194 0.573292 
    94    260 0.603180 
    95     89 0.632879 
    95     90 0.731130 
    95     91 0.558305 
    95     92 0.612240 
    95     93 0.555466 
    95     94 0.559412 
    95     96 0.541349 
    95    105 0.552422 
    95    125 0.536360 
    95    194 0.563603 
    95    248 0.561465 
    96     86 0.571354 
    96     89 0.581428 
    96     92 0.619088 
    96     95 0.541349 
    96     97 0.575769 
    96    105 0.761767 
    96    106 0.686133 
    96    108 0.552538 
    96    113 0.577331 
    96    116 0.641611 
    96    119 0.675973 
    96    130 0.673143 
    96    186 0.591238 
    96    193 0.613299 
    96    194 0.562309 
    96    218 0.641052 
    97      9 0.571728 
    97     12 0.540379 
    97     74 0.570612 
    97     86 0.607253 
    97     87 0.585063 
    97     92 0.572684 
    97     94 0.576507 
    97     96 0.575769 
    97     99 0.553105 
    97    101 0.742189 
    97    104 0.573153 
    97    105 0.701698 
    97    106 0.816191 
    97    109 0.595348 
    97    110 0.600426 
    97    113 0.542007 
    97    116 0.668313 
    97    122 0.603972 
    97    179 0.565978 
    97    189 0.590682 
    97    192 0.602843 
    97    193 0.614847 
    97    194 0.642363 
    97    195 0.614333 
    97    218 0.596341 
    97    248 0.538411 
    98    115 0.586909 
    98    187 0.481442 
    99     86 0.715823 
    99     87 0.708686 
    99     88 0.560775 
    99     94 0.555387 
    99     97 0.553105 
    99    103 0.564978 
    99    104 0.552883 
    99    106 0.629234 
    99    107 0.553119 
    99    109 0.576621 
    99    115 0.553680 
    99    127 0.378893 
    99    195 0.573313 
   100     50 0.522390 
   101     97 0.742189 
   101    105 0.544261 
   101    110 0.544550 
   101    175 0.528655 
   101    189 0.610952 
   101    192 0.645210 
   101    195 0.556317 
   101    196 0.572923 
   101    202 0.555522 
   101    215 0.538121 
   101    216 0.554381 
   102    219 0.445139 
   103     87 0.631702 
   103     99 0.564978 
   103    104 0.617191 
   103    112 0.556013 
   103    138 0.574254 
   104     97 0.573153 
   104     99 0.552883 
   104    103 0.617191 
   105      9 0.551054 
   105     11 0.522664 
   105     12 0.564955 
   105     76 0.626121 
   105     86 0.614012 
   105     87 0.595573 
   105     89 0.587925 
   105     92 0.681859 
   105     95 0.552422 
   105     96 0.761767 
   105     97 0.701698 
   105    101 0.544261 
   105    106 0.874136 
   105    108 0.727393 
   105    109 0.663086 
   105    110 0.564382 
   105    112 0.708119 
   105    113 0.678879 
   105    116 0.657643 
   105    119 0.584482 
   105    122 0.649452 
   105    193 0.617727 
   105    215 0.626533 
   105    218 0.674372 
   106      9 0.675697 
   106     10 0.371926 
   106     12 0.612719 
   106     76 0.628886 
   106     83 0.570015 
   106     86 0.666795 
   106     87 0.644779 
   106     92 0.634516 
   106     94 0.600502 
   106     96 0.686133 
   106     97 0.816191 
   106     99 0.629234 
   106    105 0.874136 
   106    108 0.649720 
   106    109 0.720081 
   106    110 0.555404 
   106    112 0.693827 
   106    113 0.619742 
   106    116 0.743916 
   106    122 0.726618 
   106    179 0.547327 
   106    193 0.700271 
   106    194 0.578590 
   106    215 0.583379 
   106    218 0.606664 
   106    248 0.540921 
   107     86 0.566802 
   107     99 0.553119 
   107    109 0.605396 
   107    111 0.620606 
   107    112 0.542303 
   107    115 0.576870 
   107    202 0.590558 
   107    212 0.572807 
   107    215 0.623437 
   108     96 0.552538 
   108    105 0.727393 
   108    106 0.649720 
   108    112 0.646994 
   108    113 0.594393 
   108    202 0.535281 
   108    215 0.596216 
   109     76 0.616481 
   109     97 0.595348 
   109     99 0.576621 
   109    105 0.663086 
   109    106 0.720081 
   109    107 0.605396 
   109    110 0.624081 
   109    112 0.637152 
   109    113 0.580685 
   110     76 0.540698 
   110     97 0.600426 
   110    101 0.544550 
   110    105 0.564382 
   110    106 0.555404 
   110    109 0.624081 
   110    122 0.585277 
   110    215 0.537403 
   111    107 0.620606 
   111    215 0.625958 
   112    103 0.556013 
   112    105 0.708119 
   112    106 0.693827 
   112    107 0.542303 
   112    108 0.646994 
   112    109 0.637152 
   112    113 0.619563 
   112    115 0.536651 
   112    215 0.585288 
   113     96 0.577331 
   113     97 0.542007 
   113    105 0.678879 
   113    106 0.619742 
   113    108 0.594393 
   113    109 0.580685 
   113    112 0.619563 
   113    122 0.553348 
   113    202 0.578206 
   113    215 0.627222 
   114      2 0.564635 
   115     98 0.586909 
   115     99 0.553680 
   115    107 0.576870 
   115    112 0.536651 
   116      9 0.586607 
   116     86 0.584566 
   116     87 0.550223 
   116     92 0.571919 
   116     96 0.641611 
   116     97 0.668313 
   116    105 0.657643 
   116    106 0.743916 
   116    122 0.564013 
   117    118 0.467325 
   118    117 0.467325 
   118    131 0.497486 
   118    239 0.465095 
   118    240 0.549679 
   119      6 0.412134 
   119     96 0.675973 
   119    105 0.584482 
   119    186 0.640765 
   119    218 0.552029 
   120     87 0.527202 
   121    193 0.522524 
   122     92 0.552734 
   122     97 0.603972 
   122    105 0.649452 
   122    106 0.726618 
   122    110 0.585277 
   122    113 0.553348 
   122    116 0.564013 
   122    215 0.610902 
   123     63 0.436908 
   124    125 0.487325 
   124    126 0.418419 
   125     95 0.536360 
   125    124 0.487325 
   126    124 0.418419 
   127     99 0.378893 
   127    184 0.377991 
   128     81 0.469686 
   128     82 0.426751 
   129     81 0.612213 
   129    239 0.538549 
   130     89 0.616220 
   130     96 0.673143 
   130    136 0.581627 
   130    218 0.542217 
   131    118 0.497486 
   132    202 0.614564 
   132    213 0.538052 
   133    134 0.543588 
   134    133 0.543588 
   134    135 0.727676 
   135    134 0.727676 
   135    166 0.604579 
   136     89 0.707556 
   136    130 0.581627 
   136    218 0.588034 
   137     81 0.501214 
   137    242 0.567962 
   138    103 0.574254 
   138    214 0.566328 
   139    186 0.457970 
   139    207 0.430192 
   139    241 0.526778 
   140    141 0.630598 
   140    142 0.624253 
   140    146 0.654226 
   140    147 0.549649 
   140    149 0.592135 
   140    151 0.619237 
   140    154 0.567217 
   140    155 0.560463 
   140    158 0.582014 
   140    162 0.593027 
   140    170 0.566238 
   140    172 0.620143 
   140    173 0.566515 
   141    140 0.630598 
   141    142 0.632968 
   141    158 0.548168 
   142      1 0.708933 
   142    140 0.624253 
   142    141 0.632968 
   142    144 0.555418 
   142    147 0.551985 
   142    149 0.670854 
   142    154 0.619545 
   142    158 0.724873 
   142    164 0.558458 
   142    168 0.686268 
   142    169 0.676066 
   142    171 0.677729 
   142    172 0.737223 
   142    173 0.683166 
   143    160 0.398354 
   144    142 0.555418 
   144    147 0.730800 
   144    149 0.720372 
   144    150 0.648654 
   144    155 0.662914 
   144    156 0.586521 
   144    157 0.665082 
   144    158 0.686515 
   144    162 0.637687 
   144    164 0.572355 
   144    168 0.616021 
   144    169 0.797796 
   144    171 0.646160 
   144    172 0.652454 
   144    173 0.780077 
   144    256 0.666530 
   145    146 0.848131 
   145    148 0.728697 
   145    149 0.657557 
   145    150 0.549504 
   145    151 0.638036 
   145    155 0.657726 
   145    156 0.701982 
   145    157 0.716874 
   145    159 0.733224 
   145    160 0.728621 
   145    162 0.674785 
   145    163 0.888149 
   145    166 0.561158 
   145    167 0.832650 
   145    170 0.838864 
   145    172 0.626567 
   146    140 0.654226 
   146    145 0.848131 
   146    147 0.601943 
   146    148 0.611539 
   146    149 0.667266 
   146    150 0.548312 
   146    151 0.619898 
   146    155 0.683815 
   146    156 0.710867 
   146    157 0.753862 
   146    158 0.541727 
   146    159 0.671881 
   146    160 0.652208 
   146    162 0.730436 
   146    163 0.840521 
   146    166 0.539909 
   146    167 0.816731 
   146    170 0.829327 
   146    172 0.644566 
   146    173 0.619817 
   147    140 0.549649 
   147    142 0.551985 
   147    144 0.730800 
   147    146 0.601943 
   147    149 0.765615 
   147    150 0.587675 
   147    151 0.590314 
   147    155 0.709631 
   147    156 0.599903 
   147    157 0.672977 
   147    158 0.627431 
   147    162 0.643605 
   147    163 0.594418 
   147    164 0.548020 
   147    167 0.585517 
   147    168 0.545844 
   147    169 0.632143 
   147    171 0.554895 
   147    172 0.633612 
   147    173 0.656609 
   147    258 0.546023 
   148    145 0.728697 
   148    146 0.611539 
   148    155 0.540732 
   148    156 0.581667 
   148    157 0.540376 
   148    159 0.651113 
   148    160 0.632880 
   148    162 0.542056 
   148    163 0.650248 
   148    167 0.665869 
   148    170 0.619485 
   149    140 0.592135 
   149    142 0.670854 
   149    144 0.720372 
   149    145 0.657557 
   149    146 0.667266 
   149    147 0.765615 
   149    150 0.661972 
   149    151 0.640212 
   149    155 0.833638 
   149    156 0.752185 
   149    157 0.778658 
   149    158 0.739110 
   149    159 0.610115 
   149    162 0.785385 
   149    163 0.715988 
   149    167 0.686826 
   149    168 0.694562 
   149    169 0.778083 
   149    170 0.621573 
   149    171 0.720111 
   149    172 0.810370 
   149    173 0.804308 
   149    256 0.554155 
   150    144 0.648654 
   150    145 0.549504 
   150    146 0.548312 
   150    147 0.587675 
   150    149 0.661972 
   150    151 0.626445 
   150    155 0.640174 
   150    156 0.592392 
   150    157 0.654417 
   150    158 0.570304 
   150    162 0.652205 
   150    163 0.558879 
   150    168 0.626836 
   150    169 0.626172 
   150    172 0.706968 
   150    173 0.667787 
   150    256 0.553260 
   151    140 0.619237 
   151    145 0.638036 
   151    146 0.619898 
   151    147 0.590314 
   151    149 0.640212 
   151    150 0.626445 
   151    155 0.642390 
   151    156 0.620657 
   151    157 0.571975 
   151    158 0.556964 
   151    159 0.603490 
   151    162 0.615140 
   151    163 0.574715 
   151    166 0.544897 
   151    167 0.604422 
   151    170 0.607724 
   151    172 0.655259 
   151    173 0.569726 
   152    167 0.519193 
   153    172 0.521789 
   154    140 0.567217 
   154    142 0.619545 
   154    161 0.602633 
   154    164 0.717360 
   154    168 0.750674 
   154    172 0.662065 
   154    173 0.535123 
   154    179 0.548240 
   155    140 0.560463 
   155    144 0.662914 
   155    145 0.657726 
   155    146 0.683815 
   155    147 0.709631 
   155    148 0.540732 
   155    149 0.833638 
   155    150 0.640174 
   155    151 0.642390 
   155    156 0.871069 
   155    157 0.730065 
   155    158 0.623299 
   155    159 0.736419 
   155    160 0.590398 
   155    162 0.816251 
   155    163 0.758597 
   155    166 0.552426 
   155    167 0.798664 
   155    168 0.627845 
   155    169 0.645108 
   155    170 0.609322 
   155    171 0.593046 
   155    172 0.737912 
   155    173 0.712890 
   156    144 0.586521 
   156    145 0.701982 
   156    146 0.710867 
   156    147 0.599903 
   156    148 0.581667 
   156    149 0.752185 
   156    150 0.592392 
   156    151 0.620657 
   156    155 0.871069 
   156    157 0.683616 
   156    158 0.585140 
   156    159 0.758938 
   156    160 0.657449 
   156    162 0.833865 
   156    163 0.783133 
   156    166 0.567399 
   156    167 0.799127 
   156    168 0.555160 
   156    169 0.596982 
   156    170 0.644686 
   156    171 0.552009 
   156    172 0.696005 
   156    173 0.664119 
   157    144 0.665082 
   157    145 0.716874 
   157    146 0.753862 
   157    147 0.672977 
   157    148 0.540376 
   157    149 0.778658 
   157    150 0.654417 
   157    151 0.571975 
   157    155 0.730065 
   157    156 0.683616 
   157    158 0.574820 
   157    159 0.723272 
   157    160 0.655036 
   157    162 0.730366 
   157    163 0.787827 
   157    167 0.746018 
   157    169 0.639151 
   157    170 0.702257 
   157    172 0.649121 
   157    173 0.677199 
   157    256 0.606638 
   158      1 0.549757 
   158    140 0.582014 
   158    141 0.548168 
   158    142 0.724873 
   158    144 0.686515 
   158    146 0.541727 
   158    147 0.627431 
   158    149 0.739110 
   158    150 0.570304 
   158    151 0.556964 
   158    155 0.623299 
   158    156 0.585140 
   158    157 0.574820 
   158    162 0.647446 
   158    164 0.574664 
   158    168 0.667525 
   158    169 0.762304 
   158    171 0.718171 
   158    172 0.741477 
   158    173 0.772186 
   159    145 0.733224 
   159    146 0.671881 
   159    148 0.651113 
   159    149 0.610115 
   159    151 0.603490 
   159    155 0.736419 
   159    156 0.758938 
   159    157 0.723272 
   159    160 0.785556 
   159    162 0.692875 
   159    163 0.821650 
   159    166 0.694357 
   159    167 0.846496 
   159    170 0.650834 
   159    172 0.536115 
   160    143 0.398354 
   160    145 0.728621 
   160    146 0.652208 
   160    148 0.632880 
   160    155 0.590398 
   160    156 0.657449 
   160    157 0.655036 
   160    159 0.785556 
   160    162 0.554807 
   160    163 0.815254 
   160    166 0.565407 
   160    167 0.746930 
   160    170 0.599969 
   161    154 0.602633 
   161    164 0.661833 
   161    168 0.557454 
   161    254 0.648791 
   162    140 0.593027 
   162    144 0.637687 
   162    145 0.674785 
   162    146 0.730436 
   162    147 0.643605 
   162    148 0.542056 
   162    149 0.785385 
   162    150 0.652205 
   162    151 0.615140 
   162    155 0.816251 
   162    156 0.833865 
   162    157 0.730366 
   162    158 0.647446 
   162    159 0.692875 
   162    160 0.554807 
   162    163 0.754002 
   162    167 0.753167 
   162    168 0.612396 
   162    169 0.672115 
   162    170 0.661407 
   162    171 0.582892 
   162    172 0.724337 
   162    173 0.748925 
   163    145 0.888149 
   163    146 0.840521 
   163    147 0.594418 
   163    148 0.650248 
   163    149 0.715988 
   163    150 0.558879 
   163    151 0.574715 
   163    155 0.758597 
   163    156 0.783133 
   163    157 0.787827 
   163    159 0.821650 
   163    160 0.815254 
   163    162 0.754002 
   163    166 0.618871 
   163    167 0.917109 
   163    170 0.790360 
   163    172 0.653129 
   163    173 0.584235 
   164    142 0.558458 
   164    144 0.572355 
   164    147 0.548020 
   164    154 0.717360 
   164    158 0.574664 
   164    161 0.661833 
   164    168 0.654812 
   164    169 0.610703 
   164    172 0.613923 
   164    173 0.575570 
   164    254 0.550153 
   164    256 0.579421 
   165      2 0.612247 
   165      7 0.396490 
   166    135 0.604579 
   166    145 0.561158 
   166    146 0.539909 
   166    151 0.544897 
   166    155 0.552426 
   166    156 0.567399 
   166    159 0.694357 
   166    160 0.565407 
   166    163 0.618871 
   166    167 0.639330 
   167    145 0.832650 
   167    146 0.816731 
   167    147 0.585517 
   167    148 0.665869 
   167    149 0.686826 
   167    151 0.604422 
   167    152 0.519193 
   167    155 0.798664 
   167    156 0.799127 
   167    157 0.746018 
   167    159 0.846496 
   167    160 0.746930 
   167    162 0.753167 
   167    163 0.917109 
   167    166 0.639330 
   167    170 0.745104 
   167    172 0.583070 
   168      1 0.584594 
   168    142 0.686268 
   168    144 0.616021 
   168    147 0.545844 
   168    149 0.694562 
   168    150 0.626836 
   168    154 0.750674 
   168    155 0.627845 
   168    156 0.555160 
   168    158 0.667525 
   168    161 0.557454 
   168    162 0.612396 
   168    164 0.654812 
   168    169 0.714240 
   168    171 0.680044 
   168    172 0.842731 
   168    173 0.769400 
   168    256 0.549316 
   169      1 0.578221 
   169    142 0.676066 
   169    144 0.797796 
   169    147 0.632143 
   169    149 0.778083 
   169    150 0.626172 
   169    155 0.645108 
   169    156 0.596982 
   169    157 0.639151 
   169    158 0.762304 
   169    162 0.672115 
   169    164 0.610703 
   169    168 0.714240 
   169    171 0.750588 
   169    172 0.726558 
   169    173 0.826693 
   169    256 0.646258 
   170    140 0.566238 
   170    145 0.838864 
   170    146 0.829327 
   170    148 0.619485 
   170    149 0.621573 
   170    151 0.607724 
   170    155 0.609322 
   170    156 0.644686 
   170    157 0.702257 
   170    159 0.650834 
   170    160 0.599969 
   170    162 0.661407 
   170    163 0.790360 
   170    167 0.745104 
   170    172 0.618704 
   170    173 0.539092 
   171      1 0.632279 
   171    142 0.677729 
   171    144 0.646160 
   171    147 0.554895 
   171    149 0.720111 
   171    155 0.593046 
   171    156 0.552009 
   171    158 0.718171 
   171    162 0.582892 
   171    168 0.680044 
   171    169 0.750588 
   171    172 0.712639 
   171    173 0.733552 
   172      1 0.560269 
   172    140 0.620143 
   172    142 0.737223 
   172    144 0.652454 
   172    145 0.626567 
   172    146 0.644566 
   172    147 0.633612 
   172    149 0.810370 
   172    150 0.706968 
   172    151 0.655259 
   172    153 0.521789 
   172    154 0.662065 
   172    155 0.737912 
   172    156 0.696005 
   172    157 0.649121 
   172    158 0.741477 
   172    159 0.536115 
   172    162 0.724337 
   172    163 0.653129 
   172    164 0.613923 
   172    167 0.583070 
   172    168 0.842731 
   172    169 0.726558 
   172    170 0.618704 
   172    171 0.712639 
   172    173 0.775437 
   172    256 0.574634 
   173      1 0.593033 
   173    140 0.566515 
   173    142 0.683166 
   173    144 0.780077 
   173    146 0.619817 
   173    147 0.656609 
   173    149 0.804308 
   173    150 0.667787 
   173    151 0.569726 
   173    154 0.535123 
   173    155 0.712890 
   173    156 0.664119 
   173    157 0.677199 
   173    158 0.772186 
   173    162 0.748925 
   173    163 0.584235 
   173    164 0.575570 
   173    168 0.769400 
   173    169 0.826693 
   173    170 0.539092 
   173    171 0.733552 
   173    172 0.775437 
   173    256 0.625169 
   174    178 0.600078 
   175    101 0.528655 
   176    191 0.607052 
   177     58 0.615356 
   177     74 0.585206 
   177     80 0.542692 
   177    178 0.554304 
   177    190 0.682589 
   177    192 0.543634 
   177    204 0.555235 
   177    251 0.549746 
   177    264 0.538227 
   178     74 0.568702 
   178    174 0.600078 
   178    177 0.554304 
   178    195 0.550868 
   178    197 0.590006 
   178    198 0.571443 
   179     97 0.565978 
   179    106 0.547327 
   179    154 0.548240 
   179    180 0.622165 
   179    254 0.538054 
   179    260 0.541524 
   180      3 0.410668 
   180    179 0.622165 
   181    200 0.509369 
   182      8 0.500093 
   183      8 0.393324 
   184    127 0.377991 
   185    197 0.514706 
   186     96 0.591238 
   186    119 0.640765 
   186    139 0.457970 
   186    218 0.670410 
   187     98 0.481442 
   188    206 0.464868 
   189     97 0.590682 
   189    101 0.610952 
   189    192 0.633653 
   189    195 0.580854 
   190    177 0.682589 
   190    192 0.635627 
   190    196 0.559702 
   190    204 0.707489 
   190    251 0.559892 
   191    176 0.607052 
   191    260 0.640666 
   192     97 0.602843 
   192    101 0.645210 
   192    177 0.543634 
   192    189 0.633653 
   192    190 0.635627 
   192    195 0.685893 
   192    197 0.580990 
   192    199 0.597412 
   192    202 0.534109 
   192    213 0.566519 
   192    251 0.538718 
   193     96 0.613299 
   193     97 0.614847 
   193    105 0.617727 
   193    106 0.700271 
   193    121 0.522524 
   193    194 0.537020 
   193    218 0.605284 
   194     86 0.545304 
   194     94 0.573292 
   194     95 0.563603 
   194     96 0.562309 
   194     97 0.642363 
   194    106 0.578590 
   194    193 0.537020 
   194    195 0.538672 
   195     86 0.553376 
   195     97 0.614333 
   195     99 0.573313 
   195    101 0.556317 
   195    178 0.550868 
   195    189 0.580854 
   195    192 0.685893 
   195    194 0.538672 
   195    197 0.642429 
   195    202 0.553580 
   196     14 0.282516 
   196    101 0.572923 
   196    190 0.559702 
   196    204 0.604992 
   197    178 0.590006 
   197    185 0.514706 
   197    192 0.580990 
   197    195 0.642429 
   197    202 0.600772 
   197    213 0.547755 
   197    220 0.635670 
   198    178 0.571443 
   199    192 0.597412 
   200     56 0.565426 
   200    181 0.509369 
   201     32 0.473337 
   202     59 0.564673 
   202    101 0.555522 
   202    107 0.590558 
   202    108 0.535281 
   202    113 0.578206 
   202    132 0.614564 
   202    192 0.534109 
   202    195 0.553580 
   202    197 0.600772 
   202    212 0.548192 
   202    213 0.720894 
   202    215 0.702530 
   202    216 0.634342 
   203     15 0.467826 
   204    177 0.555235 
   204    190 0.707489 
   204    196 0.604992 
   205    264 0.422089 
   206     48 0.420648 
   206     49 0.438149 
   206    188 0.464868 
   207    139 0.430192 
   208     57 0.478667 
   209    210 0.408263 
   209    211 0.519508 
   210    209 0.408263 
   211    209 0.519508 
   211    216 0.533944 
   212    107 0.572807 
   212    202 0.548192 
   212    215 0.644488 
   213    132 0.538052 
   213    192 0.566519 
   213    197 0.547755 
   213    202 0.720894 
   214    138 0.566328 
   215     59 0.701464 
   215     92 0.581955 
   215    101 0.538121 
   215    105 0.626533 
   215    106 0.583379 
   215    107 0.623437 
   215    108 0.596216 
   215    110 0.537403 
   215    111 0.625958 
   215    112 0.585288 
   215    113 0.627222 
   215    122 0.610902 
   215    202 0.702530 
   215    212 0.644488 
   215    216 0.625064 
   215    217 0.558475 
   215    221 0.459915 
   216     59 0.584583 
   216     85 0.430696 
   216    101 0.554381 
   216    202 0.634342 
   216    211 0.533944 
   216    215 0.625064 
   216    217 0.599250 
   217    215 0.558475 
   217    216 0.599250 
   218     22 0.560226 
   218     89 0.542478 
   218     96 0.641052 
   218     97 0.596341 
   218    105 0.674372 
   218    106 0.606664 
   218    119 0.552029 
   218    130 0.542217 
   218    136 0.588034 
   218    186 0.670410 
   218    193 0.605284 
   219     35 0.459104 
   219    102 0.445139 
   220    197 0.635670 
   221    215 0.459915 
   222    225 0.548777 
   222    226 0.585669 
   222    228 0.530173 
   223    228 0.563063 
   223    234 0.562554 
   224     59 0.504841 
   224    225 0.725299 
   224    244 0.482550 
   225    222 0.548777 
   225    224 0.725299 
   226    222 0.585669 
   227    230 0.630927 
   227    233 0.577023 
   228    222 0.530173 
   228    223 0.563063 
   228    233 0.672773 
   228    234 0.605712 
   229    231 0.461225 
   229    232 0.495442 
   230    227 0.630927 
   230    231 0.539301 
   230    233 0.535444 
   231    229 0.461225 
   231    230 0.539301 
   232    229 0.495442 
   233    227 0.577023 
   233    228 0.672773 
   233    230 0.535444 
   233    234 0.652313 
   234    223 0.562554 
   234    228 0.605712 
   234    233 0.652313 
   235    240 0.539064 
   236    237 0.461552 
   237     62 0.507973 
   237     63 0.596526 
   237     66 0.596590 
   237    236 0.461552 
   238    240 0.589312 
   239    118 0.465095 
   239    129 0.538549 
   240    118 0.549679 
   240    235 0.539064 
   240    238 0.589312 
   241    139 0.526778 
   242    137 0.567962 
   243     55 0.334395 
   244    224 0.482550 
   245     24 0.338682 
   246     23 0.368523 
   247    248 0.486520 
   248     78 0.426727 
   248     95 0.561465 
   248     97 0.538411 
   248    106 0.540921 
   248    247 0.486520 
   249    250 0.361338 
   250     82 0.400041 
   250    249 0.361338 
   251     80 0.544062 
   251    177 0.549746 
   251    190 0.559892 
   251    192 0.538718 
   252    254 0.456572 
   253      4 0.359116 
   253     74 0.551241 
   254    161 0.648791 
   254    164 0.550153 
   254    179 0.538054 
   254    252 0.456572 
   255     33 0.636867 
   255     72 0.570598 
   256    144 0.666530 
   256    149 0.554155 
   256    150 0.553260 
   256    157 0.606638 
   256    164 0.579421 
   256    168 0.549316 
   256    169 0.646258 
   256    172 0.574634 
   256    173 0.625169 
   257     45 0.421463 
   257    262 0.516751 
   258    147 0.546023 
   259     74 0.570868 
   259    262 0.493148 
   259    264 0.571352 
   260     91 0.541650 
   260     94 0.603180 
   260    179 0.541524 
   260    191 0.640666 
   261    264 0.464059 
   262    257 0.516751 
   262    259 0.493148 
   263     13 0.758540 
   263     22 0.565123 
   263     49 0.542575 
   263     53 0.566569 
   263     80 0.577035 
   263    264 0.700617 
   264     13 0.639255 
   264     22 0.565591 
   264     49 0.560878 
   264     53 0.553100 
   264     80 0.633419 
   264    177 0.538227 
   264    205 0.422089 
   264    259 0.571352 
   264    261 0.464059 
   264    263 0.700617 
