*vertices    264 
     1 "     1" 
     2 "     2" 
     3 "     3" 
     4 "     4" 
     5 "     5" 
     6 "     6" 
     7 "     7" 
     8 "     8" 
     9 "     9" 
    10 "    10" 
    11 "    11" 
    12 "    12" 
    13 "    13" 
    14 "    14" 
    15 "    15" 
    16 "    16" 
    17 "    17" 
    18 "    18" 
    19 "    19" 
    20 "    20" 
    21 "    21" 
    22 "    22" 
    23 "    23" 
    24 "    24" 
    25 "    25" 
    26 "    26" 
    27 "    27" 
    28 "    28" 
    29 "    29" 
    30 "    30" 
    31 "    31" 
    32 "    32" 
    33 "    33" 
    34 "    34" 
    35 "    35" 
    36 "    36" 
    37 "    37" 
    38 "    38" 
    39 "    39" 
    40 "    40" 
    41 "    41" 
    42 "    42" 
    43 "    43" 
    44 "    44" 
    45 "    45" 
    46 "    46" 
    47 "    47" 
    48 "    48" 
    49 "    49" 
    50 "    50" 
    51 "    51" 
    52 "    52" 
    53 "    53" 
    54 "    54" 
    55 "    55" 
    56 "    56" 
    57 "    57" 
    58 "    58" 
    59 "    59" 
    60 "    60" 
    61 "    61" 
    62 "    62" 
    63 "    63" 
    64 "    64" 
    65 "    65" 
    66 "    66" 
    67 "    67" 
    68 "    68" 
    69 "    69" 
    70 "    70" 
    71 "    71" 
    72 "    72" 
    73 "    73" 
    74 "    74" 
    75 "    75" 
    76 "    76" 
    77 "    77" 
    78 "    78" 
    79 "    79" 
    80 "    80" 
    81 "    81" 
    82 "    82" 
    83 "    83" 
    84 "    84" 
    85 "    85" 
    86 "    86" 
    87 "    87" 
    88 "    88" 
    89 "    89" 
    90 "    90" 
    91 "    91" 
    92 "    92" 
    93 "    93" 
    94 "    94" 
    95 "    95" 
    96 "    96" 
    97 "    97" 
    98 "    98" 
    99 "    99" 
   100 "   100" 
   101 "   101" 
   102 "   102" 
   103 "   103" 
   104 "   104" 
   105 "   105" 
   106 "   106" 
   107 "   107" 
   108 "   108" 
   109 "   109" 
   110 "   110" 
   111 "   111" 
   112 "   112" 
   113 "   113" 
   114 "   114" 
   115 "   115" 
   116 "   116" 
   117 "   117" 
   118 "   118" 
   119 "   119" 
   120 "   120" 
   121 "   121" 
   122 "   122" 
   123 "   123" 
   124 "   124" 
   125 "   125" 
   126 "   126" 
   127 "   127" 
   128 "   128" 
   129 "   129" 
   130 "   130" 
   131 "   131" 
   132 "   132" 
   133 "   133" 
   134 "   134" 
   135 "   135" 
   136 "   136" 
   137 "   137" 
   138 "   138" 
   139 "   139" 
   140 "   140" 
   141 "   141" 
   142 "   142" 
   143 "   143" 
   144 "   144" 
   145 "   145" 
   146 "   146" 
   147 "   147" 
   148 "   148" 
   149 "   149" 
   150 "   150" 
   151 "   151" 
   152 "   152" 
   153 "   153" 
   154 "   154" 
   155 "   155" 
   156 "   156" 
   157 "   157" 
   158 "   158" 
   159 "   159" 
   160 "   160" 
   161 "   161" 
   162 "   162" 
   163 "   163" 
   164 "   164" 
   165 "   165" 
   166 "   166" 
   167 "   167" 
   168 "   168" 
   169 "   169" 
   170 "   170" 
   171 "   171" 
   172 "   172" 
   173 "   173" 
   174 "   174" 
   175 "   175" 
   176 "   176" 
   177 "   177" 
   178 "   178" 
   179 "   179" 
   180 "   180" 
   181 "   181" 
   182 "   182" 
   183 "   183" 
   184 "   184" 
   185 "   185" 
   186 "   186" 
   187 "   187" 
   188 "   188" 
   189 "   189" 
   190 "   190" 
   191 "   191" 
   192 "   192" 
   193 "   193" 
   194 "   194" 
   195 "   195" 
   196 "   196" 
   197 "   197" 
   198 "   198" 
   199 "   199" 
   200 "   200" 
   201 "   201" 
   202 "   202" 
   203 "   203" 
   204 "   204" 
   205 "   205" 
   206 "   206" 
   207 "   207" 
   208 "   208" 
   209 "   209" 
   210 "   210" 
   211 "   211" 
   212 "   212" 
   213 "   213" 
   214 "   214" 
   215 "   215" 
   216 "   216" 
   217 "   217" 
   218 "   218" 
   219 "   219" 
   220 "   220" 
   221 "   221" 
   222 "   222" 
   223 "   223" 
   224 "   224" 
   225 "   225" 
   226 "   226" 
   227 "   227" 
   228 "   228" 
   229 "   229" 
   230 "   230" 
   231 "   231" 
   232 "   232" 
   233 "   233" 
   234 "   234" 
   235 "   235" 
   236 "   236" 
   237 "   237" 
   238 "   238" 
   239 "   239" 
   240 "   240" 
   241 "   241" 
   242 "   242" 
   243 "   243" 
   244 "   244" 
   245 "   245" 
   246 "   246" 
   247 "   247" 
   248 "   248" 
   249 "   249" 
   250 "   250" 
   251 "   251" 
   252 "   252" 
   253 "   253" 
   254 "   254" 
   255 "   255" 
   256 "   256" 
   257 "   257" 
   258 "   258" 
   259 "   259" 
   260 "   260" 
   261 "   261" 
   262 "   262" 
   263 "   263" 
   264 "   264" 
*edges 
     1      2 0.677678 
     1     32 0.555905 
     1    141 0.603611 
     1    142 0.595484 
     1    153 0.570514 
     1    168 0.646192 
     1    172 0.559732 
     2      1 0.677678 
     2     50 0.583107 
     2     88 0.526661 
     2     89 0.588125 
     2     97 0.562638 
     2    103 0.541265 
     2    104 0.565810 
     2    105 0.529966 
     2    106 0.621271 
     2    107 0.565466 
     2    116 0.578972 
     2    120 0.566154 
     2    140 0.621808 
     2    141 0.848299 
     2    142 0.570351 
     2    146 0.528498 
     2    148 0.563950 
     2    152 0.546583 
     2    153 0.622475 
     2    183 0.544956 
     2    223 0.592192 
     2    225 0.532150 
     2    236 0.523748 
     3     12 0.551890 
     3    188 0.374996 
     4     55 0.170508 
     5     76 0.661005 
     5    182 0.549481 
     6      7 0.480679 
     6     79 0.462762 
     7      6 0.480679 
     8     88 0.390282 
     9    119 0.586453 
    10    188 0.371543 
    11    240 0.360545 
    12      3 0.551890 
    12    210 0.364323 
    13     74 0.564939 
    13    136 0.695278 
    13    203 0.540675 
    13    251 0.597383 
    13    263 0.528985 
    14     33 0.298394 
    15     17 0.579759 
    15     18 0.634005 
    15     23 0.535403 
    15     28 0.549424 
    15     34 0.548355 
    15     39 0.600526 
    15     40 0.622625 
    16     20 0.385612 
    17     15 0.579759 
    17     18 0.690191 
    17     39 0.746073 
    17     40 0.653563 
    18     15 0.634005 
    18     17 0.690191 
    18     19 0.653189 
    18     22 0.544103 
    18     23 0.684043 
    18     25 0.627161 
    18     28 0.568918 
    18     31 0.606132 
    18     32 0.590025 
    18     34 0.543687 
    18     38 0.529773 
    18     39 0.692842 
    18     40 0.610035 
    19     18 0.653189 
    19     22 0.750974 
    19     38 0.672226 
    20     16 0.385612 
    20     21 0.555086 
    20     23 0.561328 
    20     26 0.593828 
    20     27 0.728671 
    20     33 0.652380 
    20     43 0.586521 
    20     44 0.576476 
    20     45 0.534724 
    20     63 0.629632 
    20     65 0.704405 
    20     71 0.536678 
    20     72 0.669859 
    21     20 0.555086 
    21     25 0.579013 
    21     27 0.553970 
    21     39 0.539879 
    21     44 0.565367 
    21     63 0.549002 
    21     72 0.530862 
    22     18 0.544103 
    22     19 0.750974 
    22     35 0.500927 
    22     38 0.741323 
    22    251 0.567194 
    23     15 0.535403 
    23     18 0.684043 
    23     20 0.561328 
    23     25 0.528059 
    23     27 0.770173 
    23     28 0.624027 
    23     30 0.572874 
    23     32 0.730391 
    23     34 0.685164 
    23     65 0.628743 
    24     27 0.524506 
    25     18 0.627161 
    25     21 0.579013 
    25     23 0.528059 
    25     30 0.660876 
    25     32 0.623129 
    25     39 0.536496 
    25    251 0.596788 
    25    255 0.602384 
    25    258 0.629518 
    26     20 0.593828 
    26     63 0.594667 
    26     72 0.709191 
    27     20 0.728671 
    27     21 0.553970 
    27     23 0.770173 
    27     24 0.524506 
    27     32 0.608038 
    27     33 0.643796 
    27     34 0.590617 
    27     63 0.557074 
    27     65 0.756946 
    27     71 0.536639 
    27     72 0.572253 
    27    137 0.552834 
    28     15 0.549424 
    28     18 0.568918 
    28     23 0.624027 
    28     34 0.724199 
    28     71 0.568957 
    29    264 0.419018 
    30     23 0.572874 
    30     25 0.660876 
    30     32 0.548525 
    30     65 0.583680 
    31     18 0.606132 
    32      1 0.555905 
    32     18 0.590025 
    32     23 0.730391 
    32     25 0.623129 
    32     27 0.608038 
    32     30 0.548525 
    32     65 0.662464 
    32    153 0.626383 
    32    154 0.545261 
    32    155 0.538773 
    32    168 0.576320 
    32    179 0.444580 
    32    251 0.674032 
    32    258 0.622701 
    33     14 0.298394 
    33     20 0.652380 
    33     27 0.643796 
    33     65 0.610520 
    33     69 0.496567 
    33     72 0.538591 
    34     15 0.548355 
    34     18 0.543687 
    34     23 0.685164 
    34     27 0.590617 
    34     28 0.724199 
    34     45 0.527293 
    34     71 0.541296 
    35     22 0.500927 
    35     37 0.571162 
    36     41 0.725449 
    36     44 0.592888 
    37     35 0.571162 
    37     53 0.386953 
    38     18 0.529773 
    38     19 0.672226 
    38     22 0.741323 
    39     15 0.600526 
    39     17 0.746073 
    39     18 0.692842 
    39     21 0.539879 
    39     25 0.536496 
    39     40 0.686761 
    39     51 0.392441 
    40     15 0.622625 
    40     17 0.653563 
    40     18 0.610035 
    40     39 0.686761 
    41     36 0.725449 
    41     44 0.539121 
    41     45 0.579463 
    41     71 0.554878 
    42     44 0.764857 
    42     45 0.686286 
    42     46 0.631734 
    42     71 0.599341 
    43     20 0.586521 
    43     45 0.527294 
    43     63 0.571173 
    43     71 0.564985 
    43     73 0.538750 
    44     20 0.576476 
    44     21 0.565367 
    44     36 0.592888 
    44     41 0.539121 
    44     42 0.764857 
    44     45 0.734620 
    44     46 0.711557 
    44     63 0.565089 
    44     71 0.664526 
    45     20 0.534724 
    45     34 0.527293 
    45     41 0.579463 
    45     42 0.686286 
    45     43 0.527294 
    45     44 0.734620 
    45     46 0.606070 
    45     63 0.554293 
    45     70 0.637311 
    45     71 0.746443 
    46     42 0.631734 
    46     44 0.711557 
    46     45 0.606070 
    46     71 0.603659 
    47     58 0.451373 
    48     56 0.552551 
    48     72 0.508793 
    48    186 0.484896 
    49    264 0.421762 
    50      2 0.583107 
    50     58 0.539506 
    50    141 0.563911 
    50    174 0.691431 
    50    183 0.553376 
    50    223 0.628332 
    50    261 0.583686 
    51     39 0.392441 
    52     60 0.594406 
    53     37 0.386953 
    54     59 0.525970 
    54    205 0.479530 
    54    216 0.576208 
    55      4 0.170508 
    55     63 0.408389 
    56     48 0.552551 
    56     60 0.600626 
    56    209 0.549253 
    57    231 0.492696 
    58     47 0.451373 
    58     50 0.539506 
    58     59 0.538272 
    58     65 0.536770 
    58    118 0.482456 
    58    137 0.538939 
    58    174 0.575338 
    58    242 0.467406 
    59     54 0.525970 
    59     58 0.538272 
    59    208 0.472859 
    59    213 0.643143 
    59    215 0.710883 
    59    216 0.693295 
    59    220 0.475181 
    59    223 0.551312 
    59    225 0.546417 
    59    230 0.535409 
    59    234 0.600650 
    60     52 0.594406 
    60     56 0.600626 
    60    211 0.533712 
    61     73 0.531703 
    61    237 0.418522 
    62    240 0.508957 
    63     20 0.629632 
    63     21 0.549002 
    63     26 0.594667 
    63     27 0.557074 
    63     43 0.571173 
    63     44 0.565089 
    63     45 0.554293 
    63     55 0.408389 
    63     65 0.638351 
    63     66 0.624297 
    63     71 0.573741 
    63     72 0.652197 
    64     66 0.574032 
    64     73 0.566155 
    65     20 0.704405 
    65     23 0.628743 
    65     27 0.756946 
    65     30 0.583680 
    65     32 0.662464 
    65     33 0.610520 
    65     58 0.536770 
    65     63 0.638351 
    65     66 0.579517 
    65     72 0.562566 
    65     73 0.533301 
    65    137 0.544619 
    65    141 0.530457 
    65    245 0.499875 
    66     63 0.624297 
    66     64 0.574032 
    66     65 0.579517 
    66     68 0.532574 
    66     73 0.585645 
    66    238 0.406507 
    67     72 0.401819 
    68     66 0.532574 
    69     33 0.496567 
    70     45 0.637311 
    70     71 0.624257 
    71     20 0.536678 
    71     27 0.536639 
    71     28 0.568957 
    71     34 0.541296 
    71     41 0.554878 
    71     42 0.599341 
    71     43 0.564985 
    71     44 0.664526 
    71     45 0.746443 
    71     46 0.603659 
    71     63 0.573741 
    71     70 0.624257 
    72     20 0.669859 
    72     21 0.530862 
    72     26 0.709191 
    72     27 0.572253 
    72     33 0.538591 
    72     48 0.508793 
    72     63 0.652197 
    72     65 0.562566 
    72     67 0.401819 
    73     43 0.538750 
    73     61 0.531703 
    73     64 0.566155 
    73     65 0.533301 
    73     66 0.585645 
    73    243 0.535772 
    74     13 0.564939 
    75     78 0.545132 
    75     86 0.540618 
    75     89 0.552000 
    75     92 0.572730 
    75     96 0.600069 
    75     97 0.681397 
    75    101 0.542394 
    75    106 0.622486 
    75    107 0.527070 
    75    109 0.620796 
    75    111 0.559104 
    75    112 0.540106 
    75    116 0.608742 
    75    130 0.662277 
    75    175 0.592122 
    75    181 0.666313 
    76      5 0.661005 
    76    108 0.553401 
    77     91 0.447843 
    78     75 0.545132 
    78    177 0.535383 
    78    195 0.530157 
    78    202 0.560449 
    79      6 0.462762 
    79     81 0.528777 
    79     89 0.529283 
    79     92 0.540571 
    79     97 0.532210 
    79    106 0.536986 
    79    130 0.541214 
    80    251 0.636707 
    80    263 0.577571 
    81     79 0.528777 
    81    106 0.565708 
    81    119 0.543794 
    82    128 0.566393 
    83    120 0.502128 
    84    118 0.407893 
    85    108 0.567898 
    86     75 0.540618 
    86     87 0.687264 
    86     88 0.548314 
    86     96 0.661399 
    86     97 0.525017 
    86    130 0.586884 
    86    177 0.555594 
    86    181 0.555036 
    86    195 0.577826 
    87     86 0.687264 
    87     91 0.575535 
    87     94 0.666470 
    87     96 0.755783 
    87    133 0.667738 
    87    175 0.552665 
    87    177 0.600578 
    87    194 0.605374 
    87    195 0.580621 
    87    204 0.548780 
    88      2 0.526661 
    88      8 0.390282 
    88     86 0.548314 
    88     89 0.697261 
    88     92 0.689538 
    88    105 0.564216 
    88    106 0.526833 
    88    130 0.607666 
    88    140 0.536011 
    88    163 0.527802 
    89      2 0.588125 
    89     75 0.552000 
    89     79 0.529283 
    89     88 0.697261 
    89     91 0.543042 
    89     92 0.824451 
    89     95 0.531358 
    89     96 0.584853 
    89     97 0.766779 
    89    101 0.540041 
    89    102 0.553258 
    89    105 0.665014 
    89    106 0.708494 
    89    116 0.696413 
    89    130 0.720778 
    89    140 0.622780 
    89    141 0.579642 
    89    181 0.581876 
    90     91 0.549591 
    90     95 0.564174 
    91     77 0.447843 
    91     87 0.575535 
    91     89 0.543042 
    91     90 0.549591 
    91     92 0.533513 
    91     96 0.574921 
    92     75 0.572730 
    92     79 0.540571 
    92     88 0.689538 
    92     89 0.824451 
    92     91 0.533513 
    92     96 0.634499 
    92     97 0.740893 
    92    101 0.577894 
    92    105 0.536160 
    92    106 0.618510 
    92    116 0.706730 
    92    130 0.693302 
    92    140 0.544229 
    92    181 0.559306 
    93    135 0.495502 
    94     87 0.666470 
    94     96 0.597532 
    94    133 0.772152 
    94    177 0.637293 
    94    195 0.580568 
    94    198 0.530563 
    94    204 0.565418 
    94    221 0.537583 
    95     89 0.531358 
    95     90 0.564174 
    95    125 0.517467 
    95    163 0.541336 
    96     75 0.600069 
    96     86 0.661399 
    96     87 0.755783 
    96     89 0.584853 
    96     91 0.574921 
    96     92 0.634499 
    96     94 0.597532 
    96     97 0.682135 
    96    106 0.602604 
    96    116 0.612708 
    96    130 0.708152 
    96    133 0.571911 
    96    175 0.649226 
    96    181 0.623406 
    96    184 0.502344 
    96    192 0.543434 
    96    194 0.625946 
    96    195 0.550330 
    96    204 0.673505 
    96    235 0.538002 
    97      2 0.562638 
    97     75 0.681397 
    97     79 0.532210 
    97     86 0.525017 
    97     89 0.766779 
    97     92 0.740893 
    97     96 0.682135 
    97    101 0.656453 
    97    102 0.547123 
    97    103 0.655774 
    97    104 0.627752 
    97    105 0.593107 
    97    106 0.779808 
    97    116 0.743735 
    97    130 0.728213 
    97    140 0.555630 
    97    141 0.526436 
    97    175 0.615677 
    97    181 0.602769 
    97    196 0.577455 
    98    103 0.661981 
    99    100 0.568253 
    99    102 0.611814 
    99    114 0.597492 
    99    121 0.808111 
    99    138 0.613165 
   100     99 0.568253 
   100    177 0.542226 
   100    195 0.568759 
   101     75 0.542394 
   101     89 0.540041 
   101     92 0.577894 
   101     97 0.656453 
   101    106 0.543679 
   101    130 0.531716 
   102     89 0.553258 
   102     97 0.547123 
   102     99 0.611814 
   102    103 0.550944 
   102    105 0.565426 
   102    106 0.541620 
   102    114 0.548400 
   102    121 0.714465 
   103      2 0.541265 
   103     97 0.655774 
   103     98 0.661981 
   103    102 0.550944 
   103    104 0.548370 
   103    105 0.538366 
   103    106 0.645254 
   103    107 0.612011 
   103    114 0.593639 
   103    115 0.559953 
   103    116 0.535151 
   103    137 0.545338 
   104      2 0.565810 
   104     97 0.627752 
   104    103 0.548370 
   104    106 0.611321 
   104    178 0.488941 
   104    241 0.464782 
   105      2 0.529966 
   105     88 0.564216 
   105     89 0.665014 
   105     92 0.536160 
   105     97 0.593107 
   105    102 0.565426 
   105    103 0.538366 
   105    106 0.647214 
   105    107 0.636187 
   105    108 0.576417 
   105    109 0.580873 
   105    114 0.557069 
   105    116 0.575063 
   105    130 0.537301 
   105    146 0.568436 
   105    152 0.548830 
   106      2 0.621271 
   106     75 0.622486 
   106     79 0.536986 
   106     81 0.565708 
   106     88 0.526833 
   106     89 0.708494 
   106     92 0.618510 
   106     96 0.602604 
   106     97 0.779808 
   106    101 0.543679 
   106    102 0.541620 
   106    103 0.645254 
   106    104 0.611321 
   106    105 0.647214 
   106    107 0.595679 
   106    109 0.571549 
   106    116 0.669519 
   106    130 0.625502 
   106    140 0.612115 
   106    141 0.577811 
   106    145 0.528254 
   106    146 0.591672 
   106    148 0.548680 
   106    152 0.559055 
   106    181 0.660877 
   107      2 0.565466 
   107     75 0.527070 
   107    103 0.612011 
   107    105 0.636187 
   107    106 0.595679 
   107    108 0.619618 
   107    109 0.619782 
   107    111 0.652723 
   107    113 0.595795 
   107    114 0.600265 
   107    116 0.539254 
   107    139 0.469038 
   107    146 0.554272 
   107    223 0.566224 
   108     76 0.553401 
   108     85 0.567898 
   108    105 0.576417 
   108    107 0.619618 
   108    111 0.599858 
   109     75 0.620796 
   109    105 0.580873 
   109    106 0.571549 
   109    107 0.619782 
   109    110 0.616464 
   109    111 0.558003 
   109    113 0.546679 
   109    132 0.538306 
   110    109 0.616464 
   111     75 0.559104 
   111    107 0.652723 
   111    108 0.599858 
   111    109 0.558003 
   111    113 0.541291 
   112     75 0.540106 
   112    196 0.624272 
   112    204 0.536042 
   113    107 0.595795 
   113    109 0.546679 
   113    111 0.541291 
   113    115 0.525482 
   113    215 0.546309 
   113    216 0.527915 
   113    234 0.539034 
   114     99 0.597492 
   114    102 0.548400 
   114    103 0.593639 
   114    105 0.557069 
   114    107 0.600265 
   114    121 0.527284 
   114    129 0.466870 
   114    137 0.589026 
   114    140 0.526531 
   115    103 0.559953 
   115    113 0.525482 
   116      2 0.578972 
   116     75 0.608742 
   116     89 0.696413 
   116     92 0.706730 
   116     96 0.612708 
   116     97 0.743735 
   116    103 0.535151 
   116    105 0.575063 
   116    106 0.669519 
   116    107 0.539254 
   116    123 0.580412 
   116    130 0.608829 
   116    175 0.557497 
   116    181 0.554591 
   117    129 0.487432 
   118     58 0.482456 
   118     84 0.407893 
   119      9 0.586453 
   119     81 0.543794 
   120      2 0.566154 
   120     83 0.502128 
   121     99 0.808111 
   121    102 0.714465 
   121    114 0.527284 
   121    138 0.591306 
   121    193 0.486739 
   122    215 0.606086 
   122    216 0.572679 
   123    116 0.580412 
   124    125 0.442396 
   125     95 0.517467 
   125    124 0.442396 
   126    248 0.403250 
   127    185 0.452885 
   127    246 0.450452 
   128     82 0.566393 
   128    240 0.490432 
   128    249 0.470739 
   129    114 0.466870 
   129    117 0.487432 
   130     75 0.662277 
   130     79 0.541214 
   130     86 0.586884 
   130     88 0.607666 
   130     89 0.720778 
   130     92 0.693302 
   130     96 0.708152 
   130     97 0.728213 
   130    101 0.531716 
   130    105 0.537301 
   130    106 0.625502 
   130    116 0.608829 
   130    175 0.584076 
   130    181 0.599683 
   130    196 0.544111 
   131    169 0.330616 
   132    109 0.538306 
   133     87 0.667738 
   133     94 0.772152 
   133     96 0.571911 
   133    195 0.579774 
   133    204 0.526054 
   133    221 0.690735 
   134    135 0.679268 
   134    221 0.604348 
   135     93 0.495502 
   135    134 0.679268 
   135    190 0.526397 
   135    221 0.631982 
   136     13 0.695278 
   136    203 0.535086 
   137     27 0.552834 
   137     58 0.538939 
   137     65 0.544619 
   137    103 0.545338 
   137    114 0.589026 
   137    140 0.554664 
   137    170 0.531883 
   137    174 0.561243 
   138     99 0.613165 
   138    121 0.591306 
   139    107 0.469038 
   140      2 0.621808 
   140     88 0.536011 
   140     89 0.622780 
   140     92 0.544229 
   140     97 0.555630 
   140    106 0.612115 
   140    114 0.526531 
   140    137 0.554664 
   140    141 0.662812 
   140    142 0.555268 
   140    145 0.610154 
   140    146 0.679851 
   140    148 0.688157 
   140    151 0.546868 
   140    152 0.623412 
   140    158 0.597423 
   140    163 0.598200 
   140    165 0.569663 
   140    170 0.705979 
   140    174 0.630923 
   140    243 0.591495 
   140    262 0.535929 
   141      1 0.603611 
   141      2 0.848299 
   141     50 0.563911 
   141     65 0.530457 
   141     89 0.579642 
   141     97 0.526436 
   141    106 0.577811 
   141    140 0.662812 
   141    148 0.548264 
   141    165 0.648864 
   141    174 0.579535 
   141    223 0.524875 
   141    246 0.524123 
   142      1 0.595484 
   142      2 0.570351 
   142    140 0.555268 
   142    149 0.634744 
   142    151 0.556846 
   142    153 0.587632 
   142    154 0.628601 
   142    155 0.569585 
   142    156 0.611424 
   142    158 0.576140 
   142    162 0.593578 
   142    163 0.562673 
   142    164 0.596625 
   142    165 0.543929 
   142    168 0.637611 
   142    172 0.640282 
   142    183 0.526121 
   142    243 0.550510 
   142    262 0.571418 
   143    160 0.424455 
   144    157 0.474517 
   145    106 0.528254 
   145    140 0.610154 
   145    146 0.655913 
   145    148 0.670984 
   145    152 0.576831 
   145    156 0.574712 
   145    158 0.524435 
   145    162 0.533078 
   145    163 0.637838 
   145    170 0.677941 
   145    264 0.445841 
   146      2 0.528498 
   146    105 0.568436 
   146    106 0.591672 
   146    107 0.554272 
   146    140 0.679851 
   146    145 0.655913 
   146    148 0.701963 
   146    152 0.704408 
   146    170 0.730375 
   146    174 0.547581 
   147    155 0.548805 
   147    156 0.540887 
   147    157 0.604705 
   148      2 0.563950 
   148    106 0.548680 
   148    140 0.688157 
   148    141 0.548264 
   148    145 0.670984 
   148    146 0.701963 
   148    152 0.704947 
   148    160 0.438678 
   148    170 0.635365 
   148    174 0.554461 
   149    142 0.634744 
   149    150 0.546353 
   149    151 0.557285 
   149    153 0.548220 
   149    154 0.655537 
   149    155 0.712662 
   149    156 0.691159 
   149    157 0.627596 
   149    158 0.563494 
   149    162 0.751342 
   149    163 0.559223 
   149    164 0.634305 
   149    168 0.551868 
   149    169 0.625158 
   149    171 0.540592 
   149    172 0.631836 
   149    243 0.524078 
   149    251 0.570449 
   149    257 0.558140 
   149    260 0.599489 
   150    149 0.546353 
   150    157 0.597389 
   150    162 0.555049 
   151    140 0.546868 
   151    142 0.556846 
   151    149 0.557285 
   151    155 0.524078 
   151    158 0.542516 
   151    162 0.559900 
   151    163 0.591514 
   151    165 0.619510 
   151    172 0.527796 
   151    243 0.557266 
   151    262 0.583228 
   152      2 0.546583 
   152    105 0.548830 
   152    106 0.559055 
   152    140 0.623412 
   152    145 0.576831 
   152    146 0.704408 
   152    148 0.704947 
   152    170 0.647570 
   153      1 0.570514 
   153      2 0.622475 
   153     32 0.626383 
   153    142 0.587632 
   153    149 0.548220 
   153    154 0.722308 
   153    155 0.539117 
   153    161 0.522336 
   153    162 0.607369 
   153    164 0.551376 
   153    168 0.613182 
   153    172 0.661744 
   153    183 0.563680 
   153    251 0.586106 
   154     32 0.545261 
   154    142 0.628601 
   154    149 0.655537 
   154    153 0.722308 
   154    155 0.656922 
   154    156 0.562753 
   154    162 0.602017 
   154    164 0.698229 
   154    168 0.697645 
   154    172 0.618124 
   154    236 0.541035 
   154    243 0.591377 
   154    251 0.562443 
   154    253 0.490484 
   155     32 0.538773 
   155    142 0.569585 
   155    147 0.548805 
   155    149 0.712662 
   155    151 0.524078 
   155    153 0.539117 
   155    154 0.656922 
   155    156 0.734313 
   155    157 0.619821 
   155    162 0.753651 
   155    163 0.638109 
   155    164 0.616855 
   155    169 0.534410 
   155    172 0.540565 
   155    243 0.565344 
   155    251 0.665704 
   155    257 0.525720 
   155    258 0.610639 
   155    260 0.523733 
   155    263 0.620919 
   156    142 0.611424 
   156    145 0.574712 
   156    147 0.540887 
   156    149 0.691159 
   156    154 0.562753 
   156    155 0.734313 
   156    157 0.659053 
   156    162 0.781778 
   156    163 0.630846 
   156    164 0.592116 
   156    165 0.544720 
   156    169 0.565233 
   156    172 0.552091 
   156    173 0.554113 
   156    251 0.567504 
   156    257 0.572105 
   156    260 0.558049 
   156    263 0.606766 
   157    144 0.474517 
   157    147 0.604705 
   157    149 0.627596 
   157    150 0.597389 
   157    155 0.619821 
   157    156 0.659053 
   157    162 0.663998 
   157    163 0.524519 
   157    164 0.566478 
   157    169 0.597095 
   157    199 0.532504 
   157    256 0.554687 
   157    257 0.565505 
   158    140 0.597423 
   158    142 0.576140 
   158    145 0.524435 
   158    149 0.563494 
   158    151 0.542516 
   158    162 0.567020 
   158    257 0.523696 
   159    163 0.520788 
   160    143 0.424455 
   160    148 0.438678 
   161    153 0.522336 
   162    142 0.593578 
   162    145 0.533078 
   162    149 0.751342 
   162    150 0.555049 
   162    151 0.559900 
   162    153 0.607369 
   162    154 0.602017 
   162    155 0.753651 
   162    156 0.781778 
   162    157 0.663998 
   162    158 0.567020 
   162    163 0.592809 
   162    164 0.598650 
   162    165 0.555706 
   162    169 0.631681 
   162    172 0.560468 
   162    173 0.547647 
   162    251 0.583966 
   162    252 0.546763 
   162    257 0.637748 
   162    260 0.582171 
   162    263 0.529010 
   163     88 0.527802 
   163     95 0.541336 
   163    140 0.598200 
   163    142 0.562673 
   163    145 0.637838 
   163    149 0.559223 
   163    151 0.591514 
   163    155 0.638109 
   163    156 0.630846 
   163    157 0.524519 
   163    159 0.520788 
   163    162 0.592809 
   163    165 0.555244 
   163    167 0.489966 
   163    262 0.566269 
   164    142 0.596625 
   164    149 0.634305 
   164    153 0.551376 
   164    154 0.698229 
   164    155 0.616855 
   164    156 0.592116 
   164    157 0.566478 
   164    162 0.598650 
   164    166 0.530145 
   164    169 0.572268 
   164    171 0.569457 
   164    172 0.549863 
   164    251 0.558338 
   165    140 0.569663 
   165    141 0.648864 
   165    142 0.543929 
   165    151 0.619510 
   165    156 0.544720 
   165    162 0.555706 
   165    163 0.555244 
   165    243 0.550321 
   165    254 0.450562 
   165    262 0.534229 
   166    164 0.530145 
   167    163 0.489966 
   168      1 0.646192 
   168     32 0.576320 
   168    142 0.637611 
   168    149 0.551868 
   168    153 0.613182 
   168    154 0.697645 
   168    172 0.617790 
   169    131 0.330616 
   169    149 0.625158 
   169    155 0.534410 
   169    156 0.565233 
   169    157 0.597095 
   169    162 0.631681 
   169    164 0.572268 
   169    173 0.526434 
   170    137 0.531883 
   170    140 0.705979 
   170    145 0.677941 
   170    146 0.730375 
   170    148 0.635365 
   170    152 0.647570 
   170    174 0.536560 
   171    149 0.540592 
   171    164 0.569457 
   172      1 0.559732 
   172    142 0.640282 
   172    149 0.631836 
   172    151 0.527796 
   172    153 0.661744 
   172    154 0.618124 
   172    155 0.540565 
   172    156 0.552091 
   172    162 0.560468 
   172    164 0.549863 
   172    168 0.617790 
   172    183 0.537240 
   173    156 0.554113 
   173    162 0.547647 
   173    169 0.526434 
   173    257 0.543133 
   174     50 0.691431 
   174     58 0.575338 
   174    137 0.561243 
   174    140 0.630923 
   174    141 0.579535 
   174    146 0.547581 
   174    148 0.554461 
   174    170 0.536560 
   175     75 0.592122 
   175     87 0.552665 
   175     96 0.649226 
   175     97 0.615677 
   175    116 0.557497 
   175    130 0.584076 
   175    194 0.596121 
   175    196 0.588073 
   175    204 0.595652 
   175    215 0.543408 
   176    187 0.350939 
   176    194 0.491347 
   177     78 0.535383 
   177     86 0.555594 
   177     87 0.600578 
   177     94 0.637293 
   177    100 0.542226 
   177    188 0.601530 
   177    195 0.809382 
   177    198 0.624317 
   177    200 0.540618 
   177    202 0.617662 
   177    204 0.635318 
   178    104 0.488941 
   179     32 0.444580 
   180    200 0.496865 
   181     75 0.666313 
   181     86 0.555036 
   181     89 0.581876 
   181     92 0.559306 
   181     96 0.623406 
   181     97 0.602769 
   181    106 0.660877 
   181    116 0.554591 
   181    130 0.599683 
   181    197 0.482269 
   181    200 0.523885 
   182      5 0.549481 
   183      2 0.544956 
   183     50 0.553376 
   183    142 0.526121 
   183    153 0.563680 
   183    172 0.537240 
   183    225 0.562036 
   183    244 0.487388 
   183    248 0.491496 
   184     96 0.502344 
   185    127 0.452885 
   186     48 0.484896 
   186    206 0.287160 
   187    176 0.350939 
   188      3 0.374996 
   188     10 0.371543 
   188    177 0.601530 
   188    189 0.520072 
   188    198 0.590977 
   188    202 0.594121 
   188    259 0.465014 
   189    188 0.520072 
   189    218 0.577120 
   190    135 0.526397 
   190    192 0.639737 
   190    200 0.579466 
   190    204 0.614107 
   190    221 0.623890 
   191    195 0.616034 
   192     96 0.543434 
   192    190 0.639737 
   192    194 0.637313 
   192    200 0.598659 
   192    204 0.630557 
   193    121 0.486739 
   194     87 0.605374 
   194     96 0.625946 
   194    175 0.596121 
   194    176 0.491347 
   194    192 0.637313 
   195     78 0.530157 
   195     86 0.577826 
   195     87 0.580621 
   195     94 0.580568 
   195     96 0.550330 
   195    100 0.568759 
   195    133 0.579774 
   195    177 0.809382 
   195    191 0.616034 
   195    198 0.590830 
   195    200 0.567773 
   195    201 0.542329 
   195    202 0.559337 
   195    204 0.623805 
   196     97 0.577455 
   196    112 0.624272 
   196    130 0.544111 
   196    175 0.588073 
   196    204 0.563223 
   197    181 0.482269 
   198     94 0.530563 
   198    177 0.624317 
   198    188 0.590977 
   198    195 0.590830 
   199    157 0.532504 
   200    177 0.540618 
   200    180 0.496865 
   200    181 0.523885 
   200    190 0.579466 
   200    192 0.598659 
   200    195 0.567773 
   200    204 0.717437 
   201    195 0.542329 
   201    226 0.380737 
   202     78 0.560449 
   202    177 0.617662 
   202    188 0.594121 
   202    195 0.559337 
   202    213 0.671142 
   202    215 0.576297 
   203     13 0.540675 
   203    136 0.535086 
   204     87 0.548780 
   204     94 0.565418 
   204     96 0.673505 
   204    112 0.536042 
   204    133 0.526054 
   204    175 0.595652 
   204    177 0.635318 
   204    190 0.614107 
   204    192 0.630557 
   204    195 0.623805 
   204    196 0.563223 
   204    200 0.717437 
   204    221 0.533737 
   205     54 0.479530 
   206    186 0.287160 
   207    233 0.475345 
   208     59 0.472859 
   209     56 0.549253 
   210     12 0.364323 
   211     60 0.533712 
   212    216 0.534515 
   213     59 0.643143 
   213    202 0.671142 
   213    215 0.591601 
   213    216 0.596567 
   214    219 0.443749 
   215     59 0.710883 
   215    113 0.546309 
   215    122 0.606086 
   215    175 0.543408 
   215    202 0.576297 
   215    213 0.591601 
   215    216 0.728346 
   215    217 0.469970 
   215    219 0.545934 
   215    225 0.554639 
   215    234 0.615164 
   216     54 0.576208 
   216     59 0.693295 
   216    113 0.527915 
   216    122 0.572679 
   216    212 0.534515 
   216    213 0.596567 
   216    215 0.728346 
   216    223 0.547078 
   216    234 0.606999 
   217    215 0.469970 
   218    189 0.577120 
   219    214 0.443749 
   219    215 0.545934 
   220     59 0.475181 
   221     94 0.537583 
   221    133 0.690735 
   221    134 0.604348 
   221    135 0.631982 
   221    190 0.623890 
   221    204 0.533737 
   222    226 0.723775 
   223      2 0.592192 
   223     50 0.628332 
   223     59 0.551312 
   223    107 0.566224 
   223    141 0.524875 
   223    216 0.547078 
   223    224 0.629763 
   223    225 0.678181 
   223    227 0.545550 
   223    230 0.548352 
   223    233 0.594941 
   223    234 0.754600 
   224    223 0.629763 
   224    225 0.798285 
   224    234 0.624254 
   225      2 0.532150 
   225     59 0.546417 
   225    183 0.562036 
   225    215 0.554639 
   225    223 0.678181 
   225    224 0.798285 
   225    233 0.573227 
   225    234 0.688622 
   226    201 0.380737 
   226    222 0.723775 
   227    223 0.545550 
   227    230 0.710578 
   227    231 0.602904 
   227    232 0.571860 
   227    233 0.668305 
   227    234 0.558949 
   228    233 0.528055 
   229    231 0.526790 
   230     59 0.535409 
   230    223 0.548352 
   230    227 0.710578 
   230    231 0.684314 
   230    232 0.544757 
   230    233 0.673366 
   231     57 0.492696 
   231    227 0.602904 
   231    229 0.526790 
   231    230 0.684314 
   231    232 0.526102 
   231    233 0.637765 
   232    227 0.571860 
   232    230 0.544757 
   232    231 0.526102 
   233    207 0.475345 
   233    223 0.594941 
   233    225 0.573227 
   233    227 0.668305 
   233    228 0.528055 
   233    230 0.673366 
   233    231 0.637765 
   233    234 0.653839 
   234     59 0.600650 
   234    113 0.539034 
   234    215 0.615164 
   234    216 0.606999 
   234    223 0.754600 
   234    224 0.624254 
   234    225 0.688622 
   234    227 0.558949 
   234    233 0.653839 
   235     96 0.538002 
   236      2 0.523748 
   236    154 0.541035 
   236    239 0.500026 
   236    240 0.649414 
   237     61 0.418522 
   238     66 0.406507 
   239    236 0.500026 
   240     11 0.360545 
   240     62 0.508957 
   240    128 0.490432 
   240    236 0.649414 
   241    104 0.464782 
   242     58 0.467406 
   243     73 0.535772 
   243    140 0.591495 
   243    142 0.550510 
   243    149 0.524078 
   243    151 0.557266 
   243    154 0.591377 
   243    155 0.565344 
   243    165 0.550321 
   244    183 0.487388 
   245     65 0.499875 
   246    127 0.450452 
   246    141 0.524123 
   247    248 0.538031 
   248    126 0.403250 
   248    183 0.491496 
   248    247 0.538031 
   249    128 0.470739 
   249    250 0.414579 
   250    249 0.414579 
   251     13 0.597383 
   251     22 0.567194 
   251     25 0.596788 
   251     32 0.674032 
   251     80 0.636707 
   251    149 0.570449 
   251    153 0.586106 
   251    154 0.562443 
   251    155 0.665704 
   251    156 0.567504 
   251    162 0.583966 
   251    164 0.558338 
   251    256 0.562043 
   251    258 0.632372 
   251    263 0.733783 
   252    162 0.546763 
   253    154 0.490484 
   254    165 0.450562 
   255     25 0.602384 
   256    157 0.554687 
   256    251 0.562043 
   257    149 0.558140 
   257    155 0.525720 
   257    156 0.572105 
   257    157 0.565505 
   257    158 0.523696 
   257    162 0.637748 
   257    173 0.543133 
   258     25 0.629518 
   258     32 0.622701 
   258    155 0.610639 
   258    251 0.632372 
   258    263 0.529012 
   259    188 0.465014 
   260    149 0.599489 
   260    155 0.523733 
   260    156 0.558049 
   260    162 0.582171 
   260    262 0.532227 
   261     50 0.583686 
   262    140 0.535929 
   262    142 0.571418 
   262    151 0.583228 
   262    163 0.566269 
   262    165 0.534229 
   262    260 0.532227 
   263     13 0.528985 
   263     80 0.577571 
   263    155 0.620919 
   263    156 0.606766 
   263    162 0.529010 
   263    251 0.733783 
   263    258 0.529012 
   264     29 0.419018 
   264     49 0.421762 
   264    145 0.445841 
