*vertices    264 
     1 "     1" 
     2 "     2" 
     3 "     3" 
     4 "     4" 
     5 "     5" 
     6 "     6" 
     7 "     7" 
     8 "     8" 
     9 "     9" 
    10 "    10" 
    11 "    11" 
    12 "    12" 
    13 "    13" 
    14 "    14" 
    15 "    15" 
    16 "    16" 
    17 "    17" 
    18 "    18" 
    19 "    19" 
    20 "    20" 
    21 "    21" 
    22 "    22" 
    23 "    23" 
    24 "    24" 
    25 "    25" 
    26 "    26" 
    27 "    27" 
    28 "    28" 
    29 "    29" 
    30 "    30" 
    31 "    31" 
    32 "    32" 
    33 "    33" 
    34 "    34" 
    35 "    35" 
    36 "    36" 
    37 "    37" 
    38 "    38" 
    39 "    39" 
    40 "    40" 
    41 "    41" 
    42 "    42" 
    43 "    43" 
    44 "    44" 
    45 "    45" 
    46 "    46" 
    47 "    47" 
    48 "    48" 
    49 "    49" 
    50 "    50" 
    51 "    51" 
    52 "    52" 
    53 "    53" 
    54 "    54" 
    55 "    55" 
    56 "    56" 
    57 "    57" 
    58 "    58" 
    59 "    59" 
    60 "    60" 
    61 "    61" 
    62 "    62" 
    63 "    63" 
    64 "    64" 
    65 "    65" 
    66 "    66" 
    67 "    67" 
    68 "    68" 
    69 "    69" 
    70 "    70" 
    71 "    71" 
    72 "    72" 
    73 "    73" 
    74 "    74" 
    75 "    75" 
    76 "    76" 
    77 "    77" 
    78 "    78" 
    79 "    79" 
    80 "    80" 
    81 "    81" 
    82 "    82" 
    83 "    83" 
    84 "    84" 
    85 "    85" 
    86 "    86" 
    87 "    87" 
    88 "    88" 
    89 "    89" 
    90 "    90" 
    91 "    91" 
    92 "    92" 
    93 "    93" 
    94 "    94" 
    95 "    95" 
    96 "    96" 
    97 "    97" 
    98 "    98" 
    99 "    99" 
   100 "   100" 
   101 "   101" 
   102 "   102" 
   103 "   103" 
   104 "   104" 
   105 "   105" 
   106 "   106" 
   107 "   107" 
   108 "   108" 
   109 "   109" 
   110 "   110" 
   111 "   111" 
   112 "   112" 
   113 "   113" 
   114 "   114" 
   115 "   115" 
   116 "   116" 
   117 "   117" 
   118 "   118" 
   119 "   119" 
   120 "   120" 
   121 "   121" 
   122 "   122" 
   123 "   123" 
   124 "   124" 
   125 "   125" 
   126 "   126" 
   127 "   127" 
   128 "   128" 
   129 "   129" 
   130 "   130" 
   131 "   131" 
   132 "   132" 
   133 "   133" 
   134 "   134" 
   135 "   135" 
   136 "   136" 
   137 "   137" 
   138 "   138" 
   139 "   139" 
   140 "   140" 
   141 "   141" 
   142 "   142" 
   143 "   143" 
   144 "   144" 
   145 "   145" 
   146 "   146" 
   147 "   147" 
   148 "   148" 
   149 "   149" 
   150 "   150" 
   151 "   151" 
   152 "   152" 
   153 "   153" 
   154 "   154" 
   155 "   155" 
   156 "   156" 
   157 "   157" 
   158 "   158" 
   159 "   159" 
   160 "   160" 
   161 "   161" 
   162 "   162" 
   163 "   163" 
   164 "   164" 
   165 "   165" 
   166 "   166" 
   167 "   167" 
   168 "   168" 
   169 "   169" 
   170 "   170" 
   171 "   171" 
   172 "   172" 
   173 "   173" 
   174 "   174" 
   175 "   175" 
   176 "   176" 
   177 "   177" 
   178 "   178" 
   179 "   179" 
   180 "   180" 
   181 "   181" 
   182 "   182" 
   183 "   183" 
   184 "   184" 
   185 "   185" 
   186 "   186" 
   187 "   187" 
   188 "   188" 
   189 "   189" 
   190 "   190" 
   191 "   191" 
   192 "   192" 
   193 "   193" 
   194 "   194" 
   195 "   195" 
   196 "   196" 
   197 "   197" 
   198 "   198" 
   199 "   199" 
   200 "   200" 
   201 "   201" 
   202 "   202" 
   203 "   203" 
   204 "   204" 
   205 "   205" 
   206 "   206" 
   207 "   207" 
   208 "   208" 
   209 "   209" 
   210 "   210" 
   211 "   211" 
   212 "   212" 
   213 "   213" 
   214 "   214" 
   215 "   215" 
   216 "   216" 
   217 "   217" 
   218 "   218" 
   219 "   219" 
   220 "   220" 
   221 "   221" 
   222 "   222" 
   223 "   223" 
   224 "   224" 
   225 "   225" 
   226 "   226" 
   227 "   227" 
   228 "   228" 
   229 "   229" 
   230 "   230" 
   231 "   231" 
   232 "   232" 
   233 "   233" 
   234 "   234" 
   235 "   235" 
   236 "   236" 
   237 "   237" 
   238 "   238" 
   239 "   239" 
   240 "   240" 
   241 "   241" 
   242 "   242" 
   243 "   243" 
   244 "   244" 
   245 "   245" 
   246 "   246" 
   247 "   247" 
   248 "   248" 
   249 "   249" 
   250 "   250" 
   251 "   251" 
   252 "   252" 
   253 "   253" 
   254 "   254" 
   255 "   255" 
   256 "   256" 
   257 "   257" 
   258 "   258" 
   259 "   259" 
   260 "   260" 
   261 "   261" 
   262 "   262" 
   263 "   263" 
   264 "   264" 
*edges 
     1      2 0.619747 
     1    127 0.663594 
     1    140 0.616577 
     1    141 0.645994 
     1    142 0.674591 
     1    158 0.615377 
     1    165 0.671524 
     1    168 0.649115 
     2      1 0.619747 
     2    127 0.794370 
     2    140 0.653747 
     2    141 0.743696 
     2    142 0.615833 
     2    147 0.618328 
     2    149 0.637027 
     2    153 0.738042 
     2    154 0.685825 
     2    155 0.656631 
     2    158 0.718585 
     2    162 0.604016 
     2    165 0.804468 
     2    167 0.614897 
     2    173 0.598957 
     2    185 0.747772 
     3     91 0.437599 
     4    177 0.421227 
     5     76 0.382480 
     6    125 0.441941 
     7     35 0.241888 
     8    126 0.315491 
     9     78 0.449366 
     9     83 0.416507 
     9    119 0.557405 
     9    179 0.595496 
    10     11 0.506722 
    10    179 0.510156 
    11     10 0.506722 
    12    210 0.467029 
    12    242 0.422932 
    13     18 0.614907 
    13     38 0.666132 
    13    136 0.741788 
    13    203 0.611423 
    13    251 0.667373 
    13    263 0.706857 
    14     15 0.573291 
    15     14 0.573291 
    15     16 0.615957 
    15     18 0.626186 
    15     24 0.663894 
    15     26 0.647876 
    15     33 0.607944 
    15     35 0.588941 
    15     39 0.662974 
    15     40 0.766884 
    15     62 0.618712 
    15     64 0.607534 
    15     65 0.660049 
    15    155 0.604566 
    15    156 0.625116 
    15    160 0.621956 
    15    167 0.604514 
    15    245 0.615152 
    15    255 0.621680 
    16     15 0.615957 
    17     18 0.653155 
    17     39 0.677061 
    17     40 0.600608 
    18     13 0.614907 
    18     15 0.626186 
    18     17 0.653155 
    18     19 0.601979 
    18     22 0.635619 
    18     26 0.627884 
    18     29 0.628135 
    18     30 0.628615 
    18     32 0.701223 
    18     34 0.645689 
    18     38 0.697034 
    18     39 0.800005 
    18     40 0.755219 
    18    136 0.709864 
    18    155 0.616440 
    18    156 0.701885 
    18    159 0.631828 
    18    163 0.680145 
    18    166 0.639987 
    18    167 0.690195 
    18    185 0.632493 
    18    203 0.600647 
    18    251 0.605393 
    18    263 0.602212 
    19     18 0.601979 
    19     22 0.661385 
    19     28 0.660728 
    19     31 0.616522 
    20     24 0.556674 
    21     27 0.477021 
    22     18 0.635619 
    22     19 0.661385 
    22     31 0.690132 
    22     32 0.651557 
    22     40 0.615080 
    22    203 0.600331 
    23     34 0.511329 
    24     15 0.663894 
    24     20 0.556674 
    24     26 0.620304 
    24     29 0.664210 
    24     33 0.624435 
    24     36 0.616368 
    24     40 0.615789 
    24     65 0.601011 
    25     30 0.600139 
    25    255 0.613084 
    26     15 0.647876 
    26     18 0.627884 
    26     24 0.620304 
    26     29 0.611004 
    26     30 0.599952 
    26     33 0.625484 
    26     38 0.616588 
    26     39 0.604825 
    26     40 0.644390 
    26     44 0.607711 
    26     46 0.619950 
    26     62 0.603208 
    26    127 0.615349 
    26    140 0.636252 
    26    153 0.615650 
    26    155 0.650803 
    26    156 0.672847 
    26    159 0.620887 
    26    163 0.613569 
    26    165 0.628707 
    26    167 0.633449 
    27     21 0.477021 
    27     37 0.766327 
    27     39 0.572881 
    28     19 0.660728 
    28    203 0.645077 
    29     18 0.628135 
    29     24 0.664210 
    29     26 0.611004 
    29     36 0.639548 
    29     62 0.612076 
    29    166 0.607417 
    29    174 0.680201 
    29    205 0.615677 
    29    215 0.655786 
    29    264 0.588667 
    30     18 0.628615 
    30     25 0.600139 
    30     26 0.599952 
    30     32 0.704980 
    30     38 0.720049 
    30     40 0.632703 
    30    155 0.641057 
    30    156 0.661860 
    30    159 0.611481 
    30    255 0.601101 
    30    263 0.644956 
    31     19 0.616522 
    31     22 0.690132 
    31     40 0.652098 
    31    138 0.451325 
    32     18 0.701223 
    32     22 0.651557 
    32     30 0.704980 
    32     38 0.791836 
    32     39 0.677518 
    32     40 0.674999 
    32    136 0.682386 
    32    156 0.663897 
    32    255 0.614417 
    33     15 0.607944 
    33     24 0.624435 
    33     26 0.625484 
    33    155 0.646531 
    33    156 0.648062 
    33    159 0.599859 
    33    167 0.648928 
    34     18 0.645689 
    34     23 0.511329 
    34     39 0.600350 
    34     40 0.648558 
    35      7 0.241888 
    35     15 0.588941 
    36     24 0.616368 
    36     29 0.639548 
    37     27 0.766327 
    38     13 0.666132 
    38     18 0.697034 
    38     26 0.616588 
    38     30 0.720049 
    38     32 0.791836 
    38     39 0.641583 
    38     40 0.674096 
    38    127 0.608983 
    38    136 0.720489 
    38    155 0.654070 
    38    156 0.705983 
    38    165 0.616988 
    38    167 0.607620 
    38    251 0.601177 
    38    258 0.650281 
    38    259 0.642844 
    38    263 0.730944 
    39     15 0.662974 
    39     17 0.677061 
    39     18 0.800005 
    39     26 0.604825 
    39     27 0.572881 
    39     32 0.677518 
    39     34 0.600350 
    39     38 0.641583 
    39     40 0.768521 
    39     64 0.644921 
    39    136 0.620134 
    39    145 0.600492 
    39    155 0.644933 
    39    156 0.707392 
    39    159 0.698368 
    39    163 0.712375 
    39    167 0.720203 
    39    203 0.661706 
    40     15 0.766884 
    40     17 0.600608 
    40     18 0.755219 
    40     22 0.615080 
    40     24 0.615789 
    40     26 0.644390 
    40     30 0.632703 
    40     31 0.652098 
    40     32 0.674999 
    40     34 0.648558 
    40     38 0.674096 
    40     39 0.768521 
    40     50 0.487471 
    40    155 0.625545 
    40    156 0.651454 
    40    255 0.628059 
    40    258 0.613777 
    40    263 0.614278 
    41     44 0.436377 
    42     46 0.432139 
    43     45 0.344924 
    43     60 0.529304 
    44     26 0.607711 
    44     41 0.436377 
    45     43 0.344924 
    46     26 0.619950 
    46     42 0.432139 
    46     64 0.614709 
    46     65 0.648947 
    46     72 0.699313 
    46    163 0.651096 
    46    176 0.396716 
    47     54 0.645040 
    47    174 0.643281 
    48    153 0.472018 
    49     53 0.396233 
    50     40 0.487471 
    51     94 0.453389 
    52     56 0.525026 
    52     60 0.628673 
    52     91 0.556614 
    53     49 0.396233 
    53    178 0.481480 
    54     47 0.645040 
    55     56 0.499597 
    55     70 0.469486 
    56     52 0.525026 
    56     55 0.499597 
    56     58 0.521732 
    57    211 0.498751 
    58     56 0.521732 
    58    137 0.600648 
    59    215 0.639057 
    60     43 0.529304 
    60     52 0.628673 
    60     61 0.558143 
    60    211 0.470251 
    60    217 0.564774 
    60    229 0.555713 
    61     60 0.558143 
    62     15 0.618712 
    62     26 0.603208 
    62     29 0.612076 
    62     63 0.697060 
    62     65 0.616809 
    63     62 0.697060 
    63     65 0.621606 
    63     73 0.553915 
    63    238 0.539597 
    63    241 0.388299 
    64     15 0.607534 
    64     39 0.644921 
    64     46 0.614709 
    64     65 0.723850 
    64     67 0.514305 
    64    159 0.618158 
    64    160 0.684800 
    64    163 0.646338 
    64    237 0.474620 
    64    240 0.592108 
    65     15 0.660049 
    65     24 0.601011 
    65     46 0.648947 
    65     62 0.616809 
    65     63 0.621606 
    65     64 0.723850 
    65     68 0.567697 
    65     69 0.675160 
    65     72 0.645627 
    65    160 0.696479 
    65    163 0.621625 
    65    245 0.609357 
    66    163 0.525085 
    67     64 0.514305 
    68     65 0.567697 
    69     65 0.675160 
    70     55 0.469486 
    71    245 0.530534 
    72     46 0.699313 
    72     65 0.645627 
    73     63 0.553915 
    74    111 0.415534 
    75    106 0.568657 
    75    107 0.557270 
    76      5 0.382480 
    76    109 0.502163 
    77    110 0.457915 
    78      9 0.449366 
    79    124 0.426517 
    80    102 0.562824 
    80    179 0.516361 
    80    194 0.545238 
    81    250 0.458894 
    82    123 0.513957 
    82    128 0.388982 
    83      9 0.416507 
    84    118 0.524323 
    85    132 0.371038 
    85    211 0.427892 
    86     89 0.404556 
    87     96 0.476559 
    88     89 0.622977 
    88     92 0.643510 
    88    113 0.541220 
    89     86 0.404556 
    89     88 0.622977 
    90    160 0.457307 
    91      3 0.437599 
    91     52 0.556614 
    91    102 0.755604 
    91    103 0.611940 
    92     88 0.643510 
    93     95 0.501348 
    93    127 0.645079 
    93    140 0.634683 
    93    141 0.631968 
    93    145 0.611032 
    93    147 0.603693 
    93    152 0.605000 
    93    156 0.634847 
    93    159 0.628478 
    93    160 0.670956 
    93    163 0.780410 
    93    165 0.642853 
    93    166 0.684136 
    93    167 0.703570 
    93    185 0.659252 
    93    235 0.516893 
    93    245 0.599188 
    93    257 0.611659 
    94     51 0.453389 
    94    133 0.609812 
    94    215 0.678854 
    95     93 0.501348 
    96     87 0.476559 
    96    133 0.529726 
    96    177 0.526988 
    97     98 0.625009 
    97    100 0.613167 
    97    101 0.607532 
    98     97 0.625009 
    98     99 0.757770 
    98    121 0.458620 
    99     98 0.757770 
   100     97 0.613167 
   101     97 0.607532 
   101    104 0.630345 
   101    202 0.582655 
   102     80 0.562824 
   102     91 0.755604 
   102    103 0.769162 
   103     91 0.611940 
   103    102 0.769162 
   103    248 0.193455 
   104    101 0.630345 
   104    114 0.436486 
   105    106 0.560768 
   106     75 0.568657 
   106    105 0.560768 
   107     75 0.557270 
   107    108 0.564199 
   107    110 0.559917 
   107    111 0.552236 
   108    107 0.564199 
   109     76 0.502163 
   109    110 0.630832 
   109    215 0.522836 
   110     77 0.457915 
   110    107 0.559917 
   110    109 0.630832 
   111     74 0.415534 
   111    107 0.552236 
   112    115 0.601992 
   112    215 0.669166 
   113     88 0.541220 
   113    122 0.634029 
   113    215 0.657432 
   113    223 0.347964 
   114    104 0.436486 
   114    220 0.492090 
   115    112 0.601992 
   115    215 0.617175 
   116    119 0.575630 
   117    131 0.471577 
   118     84 0.524323 
   118    131 0.509698 
   119      9 0.557405 
   119    116 0.575630 
   119    129 0.441703 
   120    128 0.399038 
   121     98 0.458620 
   122    113 0.634029 
   122    215 0.653509 
   123     82 0.513957 
   123    148 0.443990 
   124     79 0.426517 
   124    125 0.517206 
   124    126 0.422087 
   124    143 0.469035 
   125      6 0.441941 
   125    124 0.517206 
   126      8 0.315491 
   126    124 0.422087 
   127      1 0.663594 
   127      2 0.794370 
   127     26 0.615349 
   127     38 0.608983 
   127     93 0.645079 
   127    140 0.806576 
   127    141 0.813349 
   127    142 0.624333 
   127    147 0.729651 
   127    149 0.734052 
   127    150 0.710925 
   127    151 0.635676 
   127    153 0.724801 
   127    154 0.733252 
   127    155 0.800727 
   127    156 0.746503 
   127    158 0.852642 
   127    159 0.616639 
   127    160 0.601425 
   127    161 0.659894 
   127    162 0.757638 
   127    163 0.626524 
   127    164 0.663188 
   127    165 0.993045 
   127    166 0.649547 
   127    167 0.766588 
   127    168 0.688917 
   127    172 0.657383 
   127    173 0.694650 
   127    184 0.678037 
   127    185 0.875997 
   127    199 0.630821 
   127    245 0.724672 
   127    253 0.517893 
   127    254 0.609615 
   127    257 0.600864 
   127    258 0.652310 
   127    259 0.601389 
   127    263 0.638789 
   128     82 0.388982 
   128    120 0.399038 
   129    119 0.441703 
   130    204 0.285612 
   131    117 0.471577 
   131    118 0.509698 
   131    174 0.620822 
   131    239 0.650269 
   132     85 0.371038 
   133     94 0.609812 
   133     96 0.529726 
   133    221 0.601047 
   134    135 0.566129 
   134    182 0.332265 
   135    134 0.566129 
   135    256 0.625795 
   136     13 0.741788 
   136     18 0.709864 
   136     32 0.682386 
   136     38 0.720489 
   136     39 0.620134 
   136    156 0.598927 
   136    251 0.674037 
   136    258 0.604490 
   136    263 0.646667 
   137     58 0.600648 
   137    139 0.386402 
   137    250 0.345813 
   138     31 0.451325 
   139    137 0.386402 
   140      1 0.616577 
   140      2 0.653747 
   140     26 0.636252 
   140     93 0.634683 
   140    127 0.806576 
   140    141 0.773656 
   140    142 0.684394 
   140    145 0.624084 
   140    147 0.632834 
   140    149 0.630888 
   140    150 0.679413 
   140    151 0.618021 
   140    153 0.640945 
   140    154 0.648811 
   140    155 0.696512 
   140    156 0.682092 
   140    158 0.726419 
   140    159 0.636421 
   140    160 0.630750 
   140    161 0.598536 
   140    162 0.636221 
   140    163 0.663895 
   140    164 0.599834 
   140    165 0.825006 
   140    167 0.744597 
   140    168 0.642076 
   140    170 0.633933 
   140    173 0.627136 
   140    185 0.756790 
   140    245 0.682045 
   140    260 0.601409 
   141      1 0.645994 
   141      2 0.743696 
   141     93 0.631968 
   141    127 0.813349 
   141    140 0.773656 
   141    142 0.680771 
   141    147 0.667566 
   141    149 0.668747 
   141    150 0.670913 
   141    153 0.676540 
   141    154 0.650673 
   141    155 0.702683 
   141    156 0.655413 
   141    158 0.770957 
   141    160 0.618202 
   141    161 0.604580 
   141    162 0.660331 
   141    164 0.599905 
   141    165 0.832121 
   141    166 0.612461 
   141    167 0.694286 
   141    168 0.652668 
   141    173 0.656119 
   141    184 0.657114 
   141    185 0.857042 
   141    245 0.652805 
   142      1 0.674591 
   142      2 0.615833 
   142    127 0.624333 
   142    140 0.684394 
   142    141 0.680771 
   142    165 0.652033 
   142    170 0.641910 
   143    124 0.469035 
   143    150 0.659540 
   143    160 0.658477 
   143    245 0.686718 
   144    149 0.504822 
   145     39 0.600492 
   145     93 0.611032 
   145    140 0.624084 
   145    146 0.835077 
   145    148 0.521485 
   145    152 0.806414 
   145    160 0.707521 
   145    163 0.763856 
   145    167 0.830277 
   145    170 0.822505 
   146    145 0.835077 
   146    152 0.731231 
   146    160 0.623176 
   146    163 0.602104 
   146    167 0.706020 
   146    170 0.775714 
   147      2 0.618328 
   147     93 0.603693 
   147    127 0.729651 
   147    140 0.632834 
   147    141 0.667566 
   147    149 0.766038 
   147    150 0.600614 
   147    153 0.655151 
   147    154 0.620408 
   147    155 0.748322 
   147    156 0.675562 
   147    157 0.601477 
   147    158 0.682209 
   147    159 0.648805 
   147    162 0.698820 
   147    163 0.612123 
   147    165 0.744207 
   147    166 0.654407 
   147    167 0.660928 
   147    168 0.611274 
   147    173 0.671298 
   147    185 0.731330 
   147    245 0.630801 
   148    123 0.443990 
   148    145 0.521485 
   149      2 0.637027 
   149    127 0.734052 
   149    140 0.630888 
   149    141 0.668747 
   149    144 0.504822 
   149    147 0.766038 
   149    150 0.605503 
   149    153 0.695505 
   149    154 0.627181 
   149    155 0.823982 
   149    156 0.728553 
   149    158 0.656952 
   149    159 0.624840 
   149    162 0.756827 
   149    165 0.758848 
   149    166 0.625297 
   149    167 0.601365 
   149    169 0.604298 
   149    173 0.725647 
   149    185 0.719655 
   149    245 0.678777 
   150    127 0.710925 
   150    140 0.679413 
   150    141 0.670913 
   150    143 0.659540 
   150    147 0.600614 
   150    149 0.605503 
   150    151 0.623603 
   150    153 0.606125 
   150    154 0.603678 
   150    155 0.696985 
   150    156 0.651223 
   150    158 0.727545 
   150    160 0.734609 
   150    162 0.668425 
   150    165 0.724440 
   150    167 0.638895 
   150    168 0.660808 
   150    169 0.601692 
   150    172 0.619574 
   150    173 0.701680 
   150    184 0.623486 
   150    185 0.678492 
   150    244 0.650899 
   150    245 0.812496 
   150    257 0.712607 
   151    127 0.635676 
   151    140 0.618021 
   151    150 0.623603 
   151    155 0.606697 
   151    165 0.635978 
   151    167 0.615432 
   151    172 0.703844 
   151    183 0.574516 
   151    243 0.513686 
   151    245 0.642268 
   152     93 0.605000 
   152    145 0.806414 
   152    146 0.731231 
   152    160 0.739232 
   152    163 0.716382 
   152    167 0.745971 
   152    170 0.642010 
   153      2 0.738042 
   153     26 0.615650 
   153     48 0.472018 
   153    127 0.724801 
   153    140 0.640945 
   153    141 0.676540 
   153    147 0.655151 
   153    149 0.695505 
   153    150 0.606125 
   153    154 0.740325 
   153    155 0.720367 
   153    156 0.710628 
   153    158 0.677778 
   153    161 0.694059 
   153    162 0.675977 
   153    165 0.750624 
   153    166 0.643450 
   153    167 0.637152 
   153    173 0.662165 
   153    185 0.736529 
   153    245 0.651070 
   153    258 0.612242 
   154      2 0.685825 
   154    127 0.733252 
   154    140 0.648811 
   154    141 0.650673 
   154    147 0.620408 
   154    149 0.627181 
   154    150 0.603678 
   154    153 0.740325 
   154    155 0.652868 
   154    156 0.616096 
   154    158 0.666767 
   154    161 0.636079 
   154    164 0.731418 
   154    165 0.748731 
   154    167 0.656309 
   154    172 0.616137 
   154    173 0.676903 
   154    185 0.694809 
   154    245 0.669674 
   155      2 0.656631 
   155     15 0.604566 
   155     18 0.616440 
   155     26 0.650803 
   155     30 0.641057 
   155     33 0.646531 
   155     38 0.654070 
   155     39 0.644933 
   155     40 0.625545 
   155    127 0.800727 
   155    140 0.696512 
   155    141 0.702683 
   155    147 0.748322 
   155    149 0.823982 
   155    150 0.696985 
   155    151 0.606697 
   155    153 0.720367 
   155    154 0.652868 
   155    156 0.880358 
   155    158 0.768695 
   155    159 0.735822 
   155    160 0.608989 
   155    161 0.613856 
   155    162 0.864546 
   155    163 0.645589 
   155    165 0.823032 
   155    166 0.681036 
   155    167 0.741178 
   155    168 0.678587 
   155    169 0.631213 
   155    172 0.619755 
   155    173 0.764552 
   155    185 0.744420 
   155    245 0.769167 
   155    257 0.635543 
   155    258 0.676702 
   155    259 0.600491 
   155    263 0.670867 
   156     15 0.625116 
   156     18 0.701885 
   156     26 0.672847 
   156     30 0.661860 
   156     32 0.663897 
   156     33 0.648062 
   156     38 0.705983 
   156     39 0.707392 
   156     40 0.651454 
   156     93 0.634847 
   156    127 0.746503 
   156    136 0.598927 
   156    140 0.682092 
   156    141 0.655413 
   156    147 0.675562 
   156    149 0.728553 
   156    150 0.651223 
   156    153 0.710628 
   156    154 0.616096 
   156    155 0.880358 
   156    157 0.602968 
   156    158 0.707392 
   156    159 0.779486 
   156    160 0.612079 
   156    161 0.610032 
   156    162 0.820709 
   156    163 0.701156 
   156    165 0.765579 
   156    166 0.660947 
   156    167 0.747578 
   156    168 0.617640 
   156    173 0.674788 
   156    185 0.717724 
   156    245 0.757965 
   156    258 0.711823 
   156    263 0.649656 
   157    147 0.601477 
   157    156 0.602968 
   157    166 0.616200 
   158      1 0.615377 
   158      2 0.718585 
   158    127 0.852642 
   158    140 0.726419 
   158    141 0.770957 
   158    147 0.682209 
   158    149 0.656952 
   158    150 0.727545 
   158    153 0.677778 
   158    154 0.666767 
   158    155 0.768695 
   158    156 0.707392 
   158    161 0.649295 
   158    162 0.747937 
   158    164 0.643422 
   158    165 0.857861 
   158    167 0.702387 
   158    168 0.718985 
   158    169 0.608154 
   158    171 0.574950 
   158    173 0.681212 
   158    184 0.641408 
   158    185 0.786021 
   158    245 0.690632 
   158    257 0.615254 
   159     18 0.631828 
   159     26 0.620887 
   159     30 0.611481 
   159     33 0.599859 
   159     39 0.698368 
   159     64 0.618158 
   159     93 0.628478 
   159    127 0.616639 
   159    140 0.636421 
   159    147 0.648805 
   159    149 0.624840 
   159    155 0.735822 
   159    156 0.779486 
   159    160 0.668833 
   159    162 0.658242 
   159    163 0.749928 
   159    165 0.633263 
   159    166 0.648584 
   159    167 0.702297 
   159    185 0.616458 
   159    245 0.619483 
   160     15 0.621956 
   160     64 0.684800 
   160     65 0.696479 
   160     90 0.457307 
   160     93 0.670956 
   160    127 0.601425 
   160    140 0.630750 
   160    141 0.618202 
   160    143 0.658477 
   160    145 0.707521 
   160    146 0.623176 
   160    150 0.734609 
   160    152 0.739232 
   160    155 0.608989 
   160    156 0.612079 
   160    159 0.668833 
   160    163 0.713171 
   160    165 0.610747 
   160    167 0.714435 
   160    173 0.600249 
   160    185 0.602991 
   160    245 0.717414 
   160    252 0.561683 
   160    257 0.691638 
   161    127 0.659894 
   161    140 0.598536 
   161    141 0.604580 
   161    153 0.694059 
   161    154 0.636079 
   161    155 0.613856 
   161    156 0.610032 
   161    158 0.649295 
   161    162 0.628453 
   161    164 0.628064 
   161    165 0.669711 
   161    173 0.609390 
   161    185 0.669711 
   161    245 0.617010 
   161    254 0.621770 
   162      2 0.604016 
   162    127 0.757638 
   162    140 0.636221 
   162    141 0.660331 
   162    147 0.698820 
   162    149 0.756827 
   162    150 0.668425 
   162    153 0.675977 
   162    155 0.864546 
   162    156 0.820709 
   162    158 0.747937 
   162    159 0.658242 
   162    161 0.628453 
   162    165 0.774522 
   162    166 0.612145 
   162    167 0.652173 
   162    168 0.621165 
   162    169 0.618873 
   162    173 0.707976 
   162    185 0.685867 
   162    245 0.730071 
   163     18 0.680145 
   163     26 0.613569 
   163     39 0.712375 
   163     46 0.651096 
   163     64 0.646338 
   163     65 0.621625 
   163     66 0.525085 
   163     93 0.780410 
   163    127 0.626524 
   163    140 0.663895 
   163    145 0.763856 
   163    146 0.602104 
   163    147 0.612123 
   163    152 0.716382 
   163    155 0.645589 
   163    156 0.701156 
   163    159 0.749928 
   163    160 0.713171 
   163    165 0.631444 
   163    166 0.653593 
   163    167 0.837830 
   163    185 0.612000 
   163    245 0.627473 
   164    127 0.663188 
   164    140 0.599834 
   164    141 0.599905 
   164    154 0.731418 
   164    158 0.643422 
   164    161 0.628064 
   164    165 0.673407 
   164    167 0.618024 
   164    173 0.625845 
   164    185 0.621057 
   164    245 0.607840 
   165      1 0.671524 
   165      2 0.804468 
   165     26 0.628707 
   165     38 0.616988 
   165     93 0.642853 
   165    127 0.993045 
   165    140 0.825006 
   165    141 0.832121 
   165    142 0.652033 
   165    147 0.744207 
   165    149 0.758848 
   165    150 0.724440 
   165    151 0.635978 
   165    153 0.750624 
   165    154 0.748731 
   165    155 0.823032 
   165    156 0.765579 
   165    158 0.857861 
   165    159 0.633263 
   165    160 0.610747 
   165    161 0.669711 
   165    162 0.774522 
   165    163 0.631444 
   165    164 0.673407 
   165    166 0.659692 
   165    167 0.772302 
   165    168 0.710944 
   165    169 0.607929 
   165    172 0.661783 
   165    173 0.720407 
   165    184 0.685538 
   165    185 0.882769 
   165    199 0.628918 
   165    245 0.737325 
   165    254 0.603703 
   165    257 0.605540 
   165    258 0.658378 
   165    259 0.612190 
   165    263 0.651632 
   166     18 0.639987 
   166     29 0.607417 
   166     93 0.684136 
   166    127 0.649547 
   166    141 0.612461 
   166    147 0.654407 
   166    149 0.625297 
   166    153 0.643450 
   166    155 0.681036 
   166    156 0.660947 
   166    157 0.616200 
   166    159 0.648584 
   166    162 0.612145 
   166    163 0.653593 
   166    165 0.659692 
   166    167 0.636970 
   166    185 0.707575 
   167      2 0.614897 
   167     15 0.604514 
   167     18 0.690195 
   167     26 0.633449 
   167     33 0.648928 
   167     38 0.607620 
   167     39 0.720203 
   167     93 0.703570 
   167    127 0.766588 
   167    140 0.744597 
   167    141 0.694286 
   167    145 0.830277 
   167    146 0.706020 
   167    147 0.660928 
   167    149 0.601365 
   167    150 0.638895 
   167    151 0.615432 
   167    152 0.745971 
   167    153 0.637152 
   167    154 0.656309 
   167    155 0.741178 
   167    156 0.747578 
   167    158 0.702387 
   167    159 0.702297 
   167    160 0.714435 
   167    162 0.652173 
   167    163 0.837830 
   167    164 0.618024 
   167    165 0.772302 
   167    166 0.636970 
   167    170 0.688118 
   167    185 0.749033 
   167    245 0.679666 
   168      1 0.649115 
   168    127 0.688917 
   168    140 0.642076 
   168    141 0.652668 
   168    147 0.611274 
   168    150 0.660808 
   168    155 0.678587 
   168    156 0.617640 
   168    158 0.718985 
   168    162 0.621165 
   168    165 0.710944 
   168    173 0.628352 
   168    185 0.616889 
   168    245 0.620183 
   169    149 0.604298 
   169    150 0.601692 
   169    155 0.631213 
   169    158 0.608154 
   169    162 0.618873 
   169    165 0.607929 
   169    173 0.639075 
   169    245 0.605416 
   170    140 0.633933 
   170    142 0.641910 
   170    145 0.822505 
   170    146 0.775714 
   170    152 0.642010 
   170    167 0.688118 
   171    158 0.574950 
   172    127 0.657383 
   172    150 0.619574 
   172    151 0.703844 
   172    154 0.616137 
   172    155 0.619755 
   172    165 0.661783 
   172    173 0.600031 
   172    245 0.644860 
   173      2 0.598957 
   173    127 0.694650 
   173    140 0.627136 
   173    141 0.656119 
   173    147 0.671298 
   173    149 0.725647 
   173    150 0.701680 
   173    153 0.662165 
   173    154 0.676903 
   173    155 0.764552 
   173    156 0.674788 
   173    158 0.681212 
   173    160 0.600249 
   173    161 0.609390 
   173    162 0.707976 
   173    164 0.625845 
   173    165 0.720407 
   173    168 0.628352 
   173    169 0.639075 
   173    172 0.600031 
   173    185 0.662372 
   173    245 0.737163 
   173    257 0.607029 
   174     29 0.680201 
   174     47 0.643281 
   174    131 0.620822 
   174    175 0.535758 
   174    187 0.627407 
   174    189 0.544636 
   174    198 0.555004 
   174    261 0.547332 
   175    174 0.535758 
   176     46 0.396716 
   177      4 0.421227 
   177     96 0.526988 
   177    204 0.582349 
   178     53 0.481480 
   178    193 0.489071 
   178    219 0.601057 
   179      9 0.595496 
   179     10 0.510156 
   179     80 0.516361 
   180    181 0.374387 
   181    180 0.374387 
   181    200 0.496238 
   182    134 0.332265 
   183    151 0.574516 
   184    127 0.678037 
   184    141 0.657114 
   184    150 0.623486 
   184    158 0.641408 
   184    165 0.685538 
   184    185 0.670762 
   184    245 0.624949 
   185      2 0.747772 
   185     18 0.632493 
   185     93 0.659252 
   185    127 0.875997 
   185    140 0.756790 
   185    141 0.857042 
   185    147 0.731330 
   185    149 0.719655 
   185    150 0.678492 
   185    153 0.736529 
   185    154 0.694809 
   185    155 0.744420 
   185    156 0.717724 
   185    158 0.786021 
   185    159 0.616458 
   185    160 0.602991 
   185    161 0.669711 
   185    162 0.685867 
   185    163 0.612000 
   185    164 0.621057 
   185    165 0.882769 
   185    166 0.707575 
   185    167 0.749033 
   185    168 0.616889 
   185    173 0.662372 
   185    184 0.670762 
   185    199 0.626497 
   185    245 0.675221 
   185    259 0.613790 
   185    260 0.627028 
   186    205 0.584808 
   187    174 0.627407 
   187    188 0.618608 
   187    201 0.505962 
   188    187 0.618608 
   188    190 0.599231 
   188    215 0.602713 
   189    174 0.544636 
   189    200 0.514369 
   190    188 0.599231 
   190    256 0.697052 
   191    258 0.578259 
   192    195 0.538915 
   192    204 0.547263 
   193    178 0.489071 
   194     80 0.545238 
   195    192 0.538915 
   196    205 0.527341 
   197    219 0.469486 
   198    174 0.555004 
   198    242 0.406605 
   199    127 0.630821 
   199    165 0.628918 
   199    185 0.626497 
   199    259 0.656412 
   200    181 0.496238 
   200    189 0.514369 
   201    187 0.505962 
   202    101 0.582655 
   202    216 0.651569 
   203     13 0.611423 
   203     18 0.600647 
   203     22 0.600331 
   203     28 0.645077 
   203     39 0.661706 
   204    130 0.285612 
   204    177 0.582349 
   204    192 0.547263 
   205     29 0.615677 
   205    186 0.584808 
   205    196 0.527341 
   206    219 0.450813 
   207    242 0.416723 
   208    231 0.383902 
   209    210 0.450920 
   210     12 0.467029 
   210    209 0.450920 
   211     57 0.498751 
   211     60 0.470251 
   211     85 0.427892 
   211    222 0.365386 
   211    236 0.469893 
   212    215 0.725982 
   212    217 0.658113 
   213    216 0.575883 
   214    219 0.623849 
   215     29 0.655786 
   215     59 0.639057 
   215     94 0.678854 
   215    109 0.522836 
   215    112 0.669166 
   215    113 0.657432 
   215    115 0.617175 
   215    122 0.653509 
   215    188 0.602713 
   215    212 0.725982 
   215    216 0.656124 
   215    217 0.715472 
   215    219 0.575704 
   216    202 0.651569 
   216    213 0.575883 
   216    215 0.656124 
   216    217 0.604584 
   217     60 0.564774 
   217    212 0.658113 
   217    215 0.715472 
   217    216 0.604584 
   218    219 0.539018 
   219    178 0.601057 
   219    197 0.469486 
   219    206 0.450813 
   219    214 0.623849 
   219    215 0.575704 
   219    218 0.539018 
   220    114 0.492090 
   221    133 0.601047 
   222    211 0.365386 
   222    226 0.374991 
   223    113 0.347964 
   224    225 0.821447 
   224    234 0.608070 
   225    224 0.821447 
   225    234 0.600054 
   226    222 0.374991 
   227    230 0.632058 
   228    230 0.633293 
   228    233 0.646488 
   228    234 0.602762 
   229     60 0.555713 
   229    231 0.560510 
   229    232 0.652263 
   230    227 0.632058 
   230    228 0.633293 
   230    231 0.601524 
   231    208 0.383902 
   231    229 0.560510 
   231    230 0.601524 
   232    229 0.652263 
   233    228 0.646488 
   233    234 0.605919 
   234    224 0.608070 
   234    225 0.600054 
   234    228 0.602762 
   234    233 0.605919 
   235     93 0.516893 
   236    211 0.469893 
   237     64 0.474620 
   238     63 0.539597 
   239    131 0.650269 
   240     64 0.592108 
   241     63 0.388299 
   242     12 0.422932 
   242    198 0.406605 
   242    207 0.416723 
   242    247 0.276289 
   243    151 0.513686 
   243    246 0.463295 
   244    150 0.650899 
   244    245 0.657550 
   244    249 0.379889 
   245     15 0.615152 
   245     65 0.609357 
   245     71 0.530534 
   245     93 0.599188 
   245    127 0.724672 
   245    140 0.682045 
   245    141 0.652805 
   245    143 0.686718 
   245    147 0.630801 
   245    149 0.678777 
   245    150 0.812496 
   245    151 0.642268 
   245    153 0.651070 
   245    154 0.669674 
   245    155 0.769167 
   245    156 0.757965 
   245    158 0.690632 
   245    159 0.619483 
   245    160 0.717414 
   245    161 0.617010 
   245    162 0.730071 
   245    163 0.627473 
   245    164 0.607840 
   245    165 0.737325 
   245    167 0.679666 
   245    168 0.620183 
   245    169 0.605416 
   245    172 0.644860 
   245    173 0.737163 
   245    184 0.624949 
   245    185 0.675221 
   245    244 0.657550 
   245    257 0.659118 
   246    243 0.463295 
   247    242 0.276289 
   248    103 0.193455 
   249    244 0.379889 
   250     81 0.458894 
   250    137 0.345813 
   251     13 0.667373 
   251     18 0.605393 
   251     38 0.601177 
   251    136 0.674037 
   252    160 0.561683 
   253    127 0.517893 
   253    262 0.525403 
   254    127 0.609615 
   254    161 0.621770 
   254    165 0.603703 
   255     15 0.621680 
   255     25 0.613084 
   255     30 0.601101 
   255     32 0.614417 
   255     40 0.628059 
   256    135 0.625795 
   256    190 0.697052 
   257     93 0.611659 
   257    127 0.600864 
   257    150 0.712607 
   257    155 0.635543 
   257    158 0.615254 
   257    160 0.691638 
   257    165 0.605540 
   257    173 0.607029 
   257    245 0.659118 
   258     38 0.650281 
   258     40 0.613777 
   258    127 0.652310 
   258    136 0.604490 
   258    153 0.612242 
   258    155 0.676702 
   258    156 0.711823 
   258    165 0.658378 
   258    191 0.578259 
   258    263 0.710021 
   259     38 0.642844 
   259    127 0.601389 
   259    155 0.600491 
   259    165 0.612190 
   259    185 0.613790 
   259    199 0.656412 
   259    260 0.602130 
   259    263 0.611517 
   260    140 0.601409 
   260    185 0.627028 
   260    259 0.602130 
   261    174 0.547332 
   262    253 0.525403 
   263     13 0.706857 
   263     18 0.602212 
   263     30 0.644956 
   263     38 0.730944 
   263     40 0.614278 
   263    127 0.638789 
   263    136 0.646667 
   263    155 0.670867 
   263    156 0.649656 
   263    165 0.651632 
   263    258 0.710021 
   263    259 0.611517 
   264     29 0.588667 
