*vertices    264 
     1 "     1" 
     2 "     2" 
     3 "     3" 
     4 "     4" 
     5 "     5" 
     6 "     6" 
     7 "     7" 
     8 "     8" 
     9 "     9" 
    10 "    10" 
    11 "    11" 
    12 "    12" 
    13 "    13" 
    14 "    14" 
    15 "    15" 
    16 "    16" 
    17 "    17" 
    18 "    18" 
    19 "    19" 
    20 "    20" 
    21 "    21" 
    22 "    22" 
    23 "    23" 
    24 "    24" 
    25 "    25" 
    26 "    26" 
    27 "    27" 
    28 "    28" 
    29 "    29" 
    30 "    30" 
    31 "    31" 
    32 "    32" 
    33 "    33" 
    34 "    34" 
    35 "    35" 
    36 "    36" 
    37 "    37" 
    38 "    38" 
    39 "    39" 
    40 "    40" 
    41 "    41" 
    42 "    42" 
    43 "    43" 
    44 "    44" 
    45 "    45" 
    46 "    46" 
    47 "    47" 
    48 "    48" 
    49 "    49" 
    50 "    50" 
    51 "    51" 
    52 "    52" 
    53 "    53" 
    54 "    54" 
    55 "    55" 
    56 "    56" 
    57 "    57" 
    58 "    58" 
    59 "    59" 
    60 "    60" 
    61 "    61" 
    62 "    62" 
    63 "    63" 
    64 "    64" 
    65 "    65" 
    66 "    66" 
    67 "    67" 
    68 "    68" 
    69 "    69" 
    70 "    70" 
    71 "    71" 
    72 "    72" 
    73 "    73" 
    74 "    74" 
    75 "    75" 
    76 "    76" 
    77 "    77" 
    78 "    78" 
    79 "    79" 
    80 "    80" 
    81 "    81" 
    82 "    82" 
    83 "    83" 
    84 "    84" 
    85 "    85" 
    86 "    86" 
    87 "    87" 
    88 "    88" 
    89 "    89" 
    90 "    90" 
    91 "    91" 
    92 "    92" 
    93 "    93" 
    94 "    94" 
    95 "    95" 
    96 "    96" 
    97 "    97" 
    98 "    98" 
    99 "    99" 
   100 "   100" 
   101 "   101" 
   102 "   102" 
   103 "   103" 
   104 "   104" 
   105 "   105" 
   106 "   106" 
   107 "   107" 
   108 "   108" 
   109 "   109" 
   110 "   110" 
   111 "   111" 
   112 "   112" 
   113 "   113" 
   114 "   114" 
   115 "   115" 
   116 "   116" 
   117 "   117" 
   118 "   118" 
   119 "   119" 
   120 "   120" 
   121 "   121" 
   122 "   122" 
   123 "   123" 
   124 "   124" 
   125 "   125" 
   126 "   126" 
   127 "   127" 
   128 "   128" 
   129 "   129" 
   130 "   130" 
   131 "   131" 
   132 "   132" 
   133 "   133" 
   134 "   134" 
   135 "   135" 
   136 "   136" 
   137 "   137" 
   138 "   138" 
   139 "   139" 
   140 "   140" 
   141 "   141" 
   142 "   142" 
   143 "   143" 
   144 "   144" 
   145 "   145" 
   146 "   146" 
   147 "   147" 
   148 "   148" 
   149 "   149" 
   150 "   150" 
   151 "   151" 
   152 "   152" 
   153 "   153" 
   154 "   154" 
   155 "   155" 
   156 "   156" 
   157 "   157" 
   158 "   158" 
   159 "   159" 
   160 "   160" 
   161 "   161" 
   162 "   162" 
   163 "   163" 
   164 "   164" 
   165 "   165" 
   166 "   166" 
   167 "   167" 
   168 "   168" 
   169 "   169" 
   170 "   170" 
   171 "   171" 
   172 "   172" 
   173 "   173" 
   174 "   174" 
   175 "   175" 
   176 "   176" 
   177 "   177" 
   178 "   178" 
   179 "   179" 
   180 "   180" 
   181 "   181" 
   182 "   182" 
   183 "   183" 
   184 "   184" 
   185 "   185" 
   186 "   186" 
   187 "   187" 
   188 "   188" 
   189 "   189" 
   190 "   190" 
   191 "   191" 
   192 "   192" 
   193 "   193" 
   194 "   194" 
   195 "   195" 
   196 "   196" 
   197 "   197" 
   198 "   198" 
   199 "   199" 
   200 "   200" 
   201 "   201" 
   202 "   202" 
   203 "   203" 
   204 "   204" 
   205 "   205" 
   206 "   206" 
   207 "   207" 
   208 "   208" 
   209 "   209" 
   210 "   210" 
   211 "   211" 
   212 "   212" 
   213 "   213" 
   214 "   214" 
   215 "   215" 
   216 "   216" 
   217 "   217" 
   218 "   218" 
   219 "   219" 
   220 "   220" 
   221 "   221" 
   222 "   222" 
   223 "   223" 
   224 "   224" 
   225 "   225" 
   226 "   226" 
   227 "   227" 
   228 "   228" 
   229 "   229" 
   230 "   230" 
   231 "   231" 
   232 "   232" 
   233 "   233" 
   234 "   234" 
   235 "   235" 
   236 "   236" 
   237 "   237" 
   238 "   238" 
   239 "   239" 
   240 "   240" 
   241 "   241" 
   242 "   242" 
   243 "   243" 
   244 "   244" 
   245 "   245" 
   246 "   246" 
   247 "   247" 
   248 "   248" 
   249 "   249" 
   250 "   250" 
   251 "   251" 
   252 "   252" 
   253 "   253" 
   254 "   254" 
   255 "   255" 
   256 "   256" 
   257 "   257" 
   258 "   258" 
   259 "   259" 
   260 "   260" 
   261 "   261" 
   262 "   262" 
   263 "   263" 
   264 "   264" 
*edges 
     1      2 0.812745 
     1    140 0.632593 
     1    141 0.665812 
     1    142 0.748823 
     2      1 0.812745 
     2    140 0.712556 
     2    141 0.679707 
     2    142 0.794537 
     2    146 0.589823 
     2    147 0.557193 
     2    151 0.576731 
     2    157 0.578647 
     2    165 0.568871 
     2    168 0.575758 
     2    170 0.566327 
     2    172 0.585627 
     3    186 0.505662 
     4    252 0.510128 
     5     76 0.490157 
     5    248 0.418840 
     6      7 0.451792 
     6     82 0.523322 
     7      6 0.451792 
     8     10 0.294568 
     8    248 0.401915 
     9     11 0.689489 
     9     83 0.576312 
     9    112 0.565540 
     9    116 0.552812 
     9    119 0.565012 
     9    181 0.510744 
     9    218 0.472092 
    10      8 0.294568 
    11      9 0.689489 
    12    187 0.521289 
    13    263 0.666131 
    14    166 0.426170 
    15     25 0.533525 
    15     40 0.535023 
    15     42 0.543121 
    15     47 0.594320 
    16     47 0.523813 
    16     51 0.494940 
    17     31 0.434853 
    17     39 0.580694 
    17     40 0.587036 
    18     39 0.577806 
    19     39 0.487661 
    20     26 0.485345 
    20    245 0.481757 
    21     40 0.482337 
    22     32 0.558059 
    22     38 0.705269 
    23     34 0.511930 
    24     41 0.485153 
    25     15 0.533525 
    25     30 0.563433 
    25     32 0.572736 
    26     20 0.485345 
    27     37 0.556100 
    27     39 0.284816 
    28     34 0.604312 
    28     41 0.519671 
    29    162 0.510279 
    30     25 0.563433 
    31     17 0.434853 
    31     35 0.497232 
    32     22 0.558059 
    32     25 0.572736 
    32     38 0.604209 
    33    259 0.542805 
    34     23 0.511930 
    34     28 0.604312 
    34     70 0.424638 
    35     31 0.497232 
    36     41 0.435767 
    37     27 0.556100 
    38     22 0.705269 
    38     32 0.604209 
    39     17 0.580694 
    39     18 0.577806 
    39     19 0.487661 
    39     27 0.284816 
    40     15 0.535023 
    40     17 0.587036 
    40     21 0.482337 
    41     24 0.485153 
    41     28 0.519671 
    41     36 0.435767 
    41     47 0.492763 
    42     15 0.543121 
    42     44 0.656402 
    42     45 0.512170 
    43     70 0.323730 
    44     42 0.656402 
    45     42 0.512170 
    46     65 0.549279 
    46     72 0.661353 
    47     15 0.594320 
    47     16 0.523813 
    47     41 0.492763 
    47     53 0.519658 
    47     54 0.625195 
    47     58 0.497517 
    47     59 0.555538 
    47     62 0.475037 
    47     72 0.551787 
    47    213 0.594676 
    48     72 0.608636 
    49     53 0.456814 
    50     59 0.507998 
    51     16 0.494940 
    52     60 0.532325 
    52     63 0.498833 
    53     47 0.519658 
    53     49 0.456814 
    54     47 0.625195 
    54    140 0.575691 
    54    146 0.571114 
    54    147 0.552804 
    54    151 0.585718 
    54    155 0.558242 
    54    156 0.570022 
    54    157 0.573468 
    54    160 0.584361 
    54    162 0.565941 
    54    167 0.580035 
    54    170 0.568429 
    54    264 0.455608 
    55     72 0.543080 
    56     60 0.482761 
    56     78 0.263229 
    57     58 0.487224 
    58     47 0.497517 
    58     57 0.487224 
    59     47 0.555538 
    59     50 0.507998 
    59    212 0.649099 
    59    213 0.696067 
    59    215 0.678836 
    59    217 0.628101 
    60     52 0.532325 
    60     56 0.482761 
    60    209 0.489489 
    61     73 0.425925 
    62     47 0.475037 
    62     68 0.406098 
    63     52 0.498833 
    63     65 0.532212 
    63     71 0.462297 
    64     65 0.419311 
    64     67 0.407798 
    65     46 0.549279 
    65     63 0.532212 
    65     64 0.419311 
    65     66 0.501850 
    65     72 0.556474 
    65     73 0.501421 
    66     65 0.501850 
    66    250 0.324069 
    67     64 0.407798 
    68     62 0.406098 
    68     69 0.418178 
    69     68 0.418178 
    70     34 0.424638 
    70     43 0.323730 
    71     63 0.462297 
    72     46 0.661353 
    72     47 0.551787 
    72     48 0.608636 
    72     55 0.543080 
    72     65 0.556474 
    73     61 0.425925 
    73     65 0.501421 
    73    232 0.526200 
    74    259 0.518299 
    75    259 0.305960 
    76      5 0.490157 
    76    102 0.533594 
    77    160 0.491606 
    78     56 0.263229 
    79     91 0.365552 
    80    179 0.541728 
    81    226 0.413859 
    82      6 0.523322 
    82    123 0.261704 
    82    234 0.493234 
    83      9 0.576312 
    83     84 0.554901 
    83    106 0.565529 
    83    112 0.674480 
    83    177 0.631758 
    84     83 0.554901 
    85    108 0.329418 
    86     87 0.698776 
    86     89 0.579577 
    86     97 0.583103 
    86     98 0.589785 
    86     99 0.683644 
    86    103 0.602401 
    86    104 0.553759 
    86    120 0.630242 
    87     86 0.698776 
    87     88 0.553369 
    87     89 0.602857 
    87     90 0.629306 
    87     99 0.562167 
    88     87 0.553369 
    88     89 0.671264 
    88     90 0.667785 
    88     92 0.741206 
    88    104 0.602291 
    89     86 0.579577 
    89     87 0.602857 
    89     88 0.671264 
    89     90 0.612156 
    89     91 0.607975 
    89     92 0.800494 
    89     95 0.570880 
    89     97 0.618066 
    90     87 0.629306 
    90     88 0.667785 
    90     89 0.612156 
    90     91 0.627347 
    90     92 0.604644 
    90     95 0.686449 
    90    109 0.580018 
    91     79 0.365552 
    91     89 0.607975 
    91     90 0.627347 
    91    133 0.607034 
    91    134 0.516249 
    91    223 0.472181 
    92     88 0.741206 
    92     89 0.800494 
    92     90 0.604644 
    93    134 0.543108 
    94    133 0.594333 
    94    136 0.626615 
    94    215 0.562961 
    94    219 0.566393 
    94    220 0.568770 
    95     89 0.570880 
    95     90 0.686449 
    96    119 0.611233 
    96    130 0.667791 
    96    192 0.624724 
    96    193 0.575718 
    96    196 0.574428 
    96    204 0.611662 
    97     86 0.583103 
    97     89 0.618066 
    98     86 0.589785 
    98     99 0.651082 
    98    100 0.563412 
    98    112 0.576657 
    98    120 0.610467 
    99     86 0.683644 
    99     87 0.562167 
    99     98 0.651082 
    99    100 0.581450 
    99    103 0.650514 
    99    104 0.568584 
    99    120 0.560391 
   100     98 0.563412 
   100     99 0.581450 
   100    112 0.578153 
   100    114 0.551936 
   100    120 0.557693 
   100    177 0.725873 
   100    178 0.549122 
   100    195 0.604141 
   100    197 0.578610 
   101    106 0.582823 
   102     76 0.533594 
   102    103 0.535267 
   102    121 0.472692 
   102    249 0.347143 
   103     86 0.602401 
   103     99 0.650514 
   103    102 0.535267 
   103    104 0.564603 
   103    129 0.499921 
   104     86 0.553759 
   104     88 0.602291 
   104     99 0.568584 
   104    103 0.564603 
   104    105 0.603473 
   105    104 0.603473 
   105    106 0.651720 
   105    107 0.548660 
   105    108 0.591792 
   105    111 0.580390 
   105    115 0.616779 
   105    128 0.526455 
   105    205 0.644615 
   105    239 0.607668 
   105    240 0.617239 
   105    241 0.682139 
   106     83 0.565529 
   106    101 0.582823 
   106    105 0.651720 
   106    107 0.640978 
   106    108 0.616968 
   106    112 0.676730 
   106    115 0.614155 
   106    196 0.612819 
   107    105 0.548660 
   107    106 0.640978 
   107    108 0.607338 
   107    110 0.490672 
   107    111 0.711808 
   107    112 0.606692 
   107    115 0.605772 
   107    214 0.573836 
   108     85 0.329418 
   108    105 0.591792 
   108    106 0.616968 
   108    107 0.607338 
   108    109 0.632982 
   108    111 0.566430 
   109     90 0.580018 
   109    108 0.632982 
   109    124 0.434647 
   110    107 0.490672 
   111    105 0.580390 
   111    107 0.711808 
   111    108 0.566430 
   111    115 0.582451 
   111    132 0.536553 
   112      9 0.565540 
   112     83 0.674480 
   112     98 0.576657 
   112    100 0.578153 
   112    106 0.676730 
   112    107 0.606692 
   112    113 0.487985 
   112    137 0.569188 
   112    177 0.667934 
   112    196 0.628711 
   112    214 0.664922 
   112    220 0.577308 
   112    242 0.584915 
   113    112 0.487985 
   114    100 0.551936 
   114    177 0.553357 
   114    178 0.577510 
   115    105 0.616779 
   115    106 0.614155 
   115    107 0.605772 
   115    111 0.582451 
   116      9 0.552812 
   116    119 0.594077 
   117    236 0.329957 
   118    120 0.587686 
   118    131 0.427147 
   118    239 0.640150 
   118    242 0.569727 
   119      9 0.565012 
   119     96 0.611233 
   119    116 0.594077 
   119    139 0.523175 
   120     86 0.630242 
   120     98 0.610467 
   120     99 0.560391 
   120    100 0.557693 
   120    118 0.587686 
   120    174 0.565527 
   120    184 0.558441 
   120    197 0.610996 
   121    102 0.472692 
   122    189 0.480097 
   123     82 0.261704 
   124    109 0.434647 
   125    126 0.510740 
   125    160 0.528878 
   126    125 0.510740 
   127    184 0.578377 
   128    105 0.526455 
   129    103 0.499921 
   130     96 0.667791 
   131    118 0.427147 
   132    111 0.536553 
   133     91 0.607034 
   133     94 0.594333 
   133    195 0.636656 
   133    221 0.626906 
   134     91 0.516249 
   134     93 0.543108 
   134    135 0.606100 
   135    134 0.606100 
   136     94 0.626615 
   136    203 0.541492 
   136    251 0.554621 
   137    112 0.569188 
   137    242 0.686119 
   138    174 0.599489 
   139    119 0.523175 
   140      1 0.632593 
   140      2 0.712556 
   140     54 0.575691 
   140    141 0.821954 
   140    142 0.882022 
   140    143 0.550530 
   140    145 0.774498 
   140    146 0.850193 
   140    147 0.789809 
   140    148 0.622917 
   140    149 0.750833 
   140    150 0.728854 
   140    151 0.855503 
   140    152 0.606619 
   140    155 0.791952 
   140    156 0.745062 
   140    157 0.742569 
   140    158 0.750504 
   140    160 0.785932 
   140    162 0.792574 
   140    163 0.747677 
   140    164 0.670340 
   140    165 0.823374 
   140    166 0.593503 
   140    167 0.824251 
   140    168 0.669876 
   140    169 0.744316 
   140    170 0.856259 
   140    171 0.686615 
   140    172 0.799479 
   140    183 0.628379 
   141      1 0.665812 
   141      2 0.679707 
   141    140 0.821954 
   141    142 0.825297 
   141    145 0.605991 
   141    146 0.711923 
   141    147 0.643847 
   141    148 0.586212 
   141    149 0.640466 
   141    150 0.622376 
   141    151 0.736113 
   141    155 0.633004 
   141    156 0.591211 
   141    157 0.651445 
   141    158 0.662407 
   141    160 0.653195 
   141    162 0.672853 
   141    163 0.599262 
   141    164 0.602465 
   141    165 0.808847 
   141    167 0.634990 
   141    168 0.642637 
   141    169 0.616774 
   141    170 0.681247 
   141    171 0.566411 
   141    172 0.727639 
   142      1 0.748823 
   142      2 0.794537 
   142    140 0.882022 
   142    141 0.825297 
   142    145 0.671713 
   142    146 0.761124 
   142    147 0.690699 
   142    149 0.687478 
   142    150 0.572325 
   142    151 0.772147 
   142    155 0.695224 
   142    156 0.643198 
   142    157 0.692670 
   142    158 0.651203 
   142    160 0.685596 
   142    162 0.702582 
   142    163 0.635870 
   142    164 0.587298 
   142    165 0.742128 
   142    167 0.709038 
   142    168 0.671814 
   142    169 0.651840 
   142    170 0.719101 
   142    171 0.686266 
   142    172 0.758412 
   142    183 0.636251 
   143    140 0.550530 
   143    145 0.631030 
   143    146 0.657569 
   143    150 0.596960 
   143    156 0.591745 
   143    160 0.672101 
   143    162 0.562565 
   143    167 0.599769 
   143    170 0.654866 
   143    172 0.550065 
   144    169 0.489907 
   145    140 0.774498 
   145    141 0.605991 
   145    142 0.671713 
   145    143 0.631030 
   145    146 0.832084 
   145    147 0.644564 
   145    148 0.658506 
   145    149 0.558882 
   145    150 0.618715 
   145    151 0.695211 
   145    152 0.650579 
   145    155 0.728198 
   145    156 0.720899 
   145    157 0.599683 
   145    158 0.616060 
   145    159 0.584362 
   145    160 0.765597 
   145    162 0.702648 
   145    163 0.705560 
   145    165 0.638599 
   145    166 0.590608 
   145    167 0.795194 
   145    169 0.626216 
   145    170 0.861577 
   145    172 0.639827 
   146      2 0.589823 
   146     54 0.571114 
   146    140 0.850193 
   146    141 0.711923 
   146    142 0.761124 
   146    143 0.657569 
   146    145 0.832084 
   146    147 0.705315 
   146    148 0.654696 
   146    149 0.627814 
   146    150 0.677109 
   146    151 0.765759 
   146    152 0.688239 
   146    155 0.725676 
   146    156 0.693500 
   146    157 0.606988 
   146    158 0.654273 
   146    160 0.821023 
   146    162 0.695377 
   146    163 0.683001 
   146    164 0.614776 
   146    165 0.740303 
   146    166 0.558498 
   146    167 0.804504 
   146    168 0.591766 
   146    169 0.670306 
   146    170 0.904494 
   146    171 0.589685 
   146    172 0.759201 
   147      2 0.557193 
   147     54 0.552804 
   147    140 0.789809 
   147    141 0.643847 
   147    142 0.690699 
   147    145 0.644564 
   147    146 0.705315 
   147    148 0.586045 
   147    149 0.772041 
   147    150 0.751416 
   147    151 0.794388 
   147    155 0.729216 
   147    156 0.709551 
   147    157 0.747789 
   147    158 0.639821 
   147    160 0.656497 
   147    162 0.741891 
   147    163 0.695811 
   147    164 0.642039 
   147    165 0.732059 
   147    166 0.580569 
   147    167 0.754636 
   147    168 0.634102 
   147    169 0.700399 
   147    170 0.699153 
   147    171 0.618107 
   147    172 0.738062 
   148    140 0.622917 
   148    141 0.586212 
   148    145 0.658506 
   148    146 0.654696 
   148    147 0.586045 
   148    149 0.553580 
   148    150 0.653566 
   148    151 0.634689 
   148    152 0.626593 
   148    155 0.604025 
   148    156 0.587089 
   148    158 0.556108 
   148    160 0.591563 
   148    162 0.624341 
   148    164 0.566616 
   148    165 0.579008 
   148    167 0.597003 
   148    170 0.662709 
   148    172 0.607391 
   148    257 0.474438 
   149    140 0.750833 
   149    141 0.640466 
   149    142 0.687478 
   149    145 0.558882 
   149    146 0.627814 
   149    147 0.772041 
   149    148 0.553580 
   149    150 0.680840 
   149    151 0.781182 
   149    155 0.763861 
   149    156 0.715717 
   149    157 0.649386 
   149    158 0.625795 
   149    160 0.583111 
   149    162 0.800591 
   149    163 0.602148 
   149    164 0.586849 
   149    165 0.762147 
   149    167 0.684444 
   149    168 0.649241 
   149    169 0.671711 
   149    170 0.633434 
   149    171 0.708486 
   149    172 0.710547 
   149    173 0.563965 
   150    140 0.728854 
   150    141 0.622376 
   150    142 0.572325 
   150    143 0.596960 
   150    145 0.618715 
   150    146 0.677109 
   150    147 0.751416 
   150    148 0.653566 
   150    149 0.680840 
   150    151 0.732777 
   150    152 0.557935 
   150    155 0.642695 
   150    156 0.640655 
   150    157 0.578183 
   150    158 0.599090 
   150    160 0.636277 
   150    162 0.691858 
   150    163 0.587409 
   150    164 0.589646 
   150    165 0.738613 
   150    166 0.568287 
   150    167 0.673690 
   150    168 0.549509 
   150    169 0.613466 
   150    170 0.692637 
   150    172 0.733268 
   151      2 0.576731 
   151     54 0.585718 
   151    140 0.855503 
   151    141 0.736113 
   151    142 0.772147 
   151    145 0.695211 
   151    146 0.765759 
   151    147 0.794388 
   151    148 0.634689 
   151    149 0.781182 
   151    150 0.732777 
   151    152 0.583333 
   151    155 0.829567 
   151    156 0.791880 
   151    157 0.725104 
   151    158 0.676684 
   151    159 0.555016 
   151    160 0.730316 
   151    162 0.828083 
   151    163 0.728293 
   151    164 0.630804 
   151    165 0.785856 
   151    166 0.569586 
   151    167 0.817417 
   151    168 0.638441 
   151    169 0.709367 
   151    170 0.745891 
   151    171 0.678629 
   151    172 0.783304 
   151    183 0.654580 
   152    140 0.606619 
   152    145 0.650579 
   152    146 0.688239 
   152    148 0.626593 
   152    150 0.557935 
   152    151 0.583333 
   152    155 0.567690 
   152    156 0.559300 
   152    158 0.556570 
   152    160 0.665551 
   152    162 0.567824 
   152    164 0.553073 
   152    167 0.635021 
   152    170 0.692061 
   152    172 0.553776 
   153    165 0.513241 
   154    164 0.603891 
   154    168 0.582669 
   154    262 0.520770 
   155     54 0.558242 
   155    140 0.791952 
   155    141 0.633004 
   155    142 0.695224 
   155    145 0.728198 
   155    146 0.725676 
   155    147 0.729216 
   155    148 0.604025 
   155    149 0.763861 
   155    150 0.642695 
   155    151 0.829567 
   155    152 0.567690 
   155    156 0.876729 
   155    157 0.694373 
   155    158 0.641007 
   155    159 0.592522 
   155    160 0.739588 
   155    162 0.837290 
   155    163 0.781585 
   155    165 0.674606 
   155    166 0.579639 
   155    167 0.857074 
   155    168 0.549961 
   155    169 0.638694 
   155    170 0.728031 
   155    171 0.579980 
   155    172 0.688357 
   156     54 0.570022 
   156    140 0.745062 
   156    141 0.591211 
   156    142 0.643198 
   156    143 0.591745 
   156    145 0.720899 
   156    146 0.693500 
   156    147 0.709551 
   156    148 0.587089 
   156    149 0.715717 
   156    150 0.640655 
   156    151 0.791880 
   156    152 0.559300 
   156    155 0.876729 
   156    157 0.642056 
   156    158 0.622091 
   156    159 0.685043 
   156    160 0.733714 
   156    162 0.809118 
   156    163 0.753609 
   156    165 0.670266 
   156    166 0.636077 
   156    167 0.843393 
   156    169 0.595953 
   156    170 0.707265 
   156    171 0.563276 
   156    172 0.624206 
   156    183 0.565634 
   157      2 0.578647 
   157     54 0.573468 
   157    140 0.742569 
   157    141 0.651445 
   157    142 0.692670 
   157    145 0.599683 
   157    146 0.606988 
   157    147 0.747789 
   157    149 0.649386 
   157    150 0.578183 
   157    151 0.725104 
   157    155 0.694373 
   157    156 0.642056 
   157    158 0.623784 
   157    160 0.636768 
   157    161 0.557797 
   157    162 0.686729 
   157    163 0.632811 
   157    164 0.678055 
   157    165 0.661173 
   157    167 0.722090 
   157    168 0.570981 
   157    169 0.670417 
   157    170 0.616058 
   157    171 0.614017 
   157    172 0.614956 
   157    183 0.619439 
   157    199 0.683946 
   157    261 0.452205 
   158    140 0.750504 
   158    141 0.662407 
   158    142 0.651203 
   158    145 0.616060 
   158    146 0.654273 
   158    147 0.639821 
   158    148 0.556108 
   158    149 0.625795 
   158    150 0.599090 
   158    151 0.676684 
   158    152 0.556570 
   158    155 0.641007 
   158    156 0.622091 
   158    157 0.623784 
   158    160 0.606555 
   158    162 0.675100 
   158    163 0.599221 
   158    164 0.579049 
   158    165 0.652907 
   158    167 0.656193 
   158    169 0.560823 
   158    170 0.678649 
   158    171 0.590710 
   158    172 0.590297 
   159    145 0.584362 
   159    151 0.555016 
   159    155 0.592522 
   159    156 0.685043 
   159    160 0.588147 
   159    162 0.586268 
   159    163 0.724596 
   159    166 0.736284 
   159    167 0.693863 
   159    170 0.565916 
   160     54 0.584361 
   160     77 0.491606 
   160    125 0.528878 
   160    140 0.785932 
   160    141 0.653195 
   160    142 0.685596 
   160    143 0.672101 
   160    145 0.765597 
   160    146 0.821023 
   160    147 0.656497 
   160    148 0.591563 
   160    149 0.583111 
   160    150 0.636277 
   160    151 0.730316 
   160    152 0.665551 
   160    155 0.739588 
   160    156 0.733714 
   160    157 0.636768 
   160    158 0.606555 
   160    159 0.588147 
   160    162 0.682269 
   160    163 0.755609 
   160    164 0.569630 
   160    165 0.674420 
   160    166 0.567157 
   160    167 0.828807 
   160    169 0.604518 
   160    170 0.783308 
   160    172 0.658403 
   160    226 0.450486 
   161    157 0.557797 
   161    169 0.551092 
   161    173 0.554111 
   162     29 0.510279 
   162     54 0.565941 
   162    140 0.792574 
   162    141 0.672853 
   162    142 0.702582 
   162    143 0.562565 
   162    145 0.702648 
   162    146 0.695377 
   162    147 0.741891 
   162    148 0.624341 
   162    149 0.800591 
   162    150 0.691858 
   162    151 0.828083 
   162    152 0.567824 
   162    155 0.837290 
   162    156 0.809118 
   162    157 0.686729 
   162    158 0.675100 
   162    159 0.586268 
   162    160 0.682269 
   162    163 0.700850 
   162    164 0.572519 
   162    165 0.754352 
   162    166 0.597464 
   162    167 0.759206 
   162    168 0.616099 
   162    169 0.676793 
   162    170 0.715139 
   162    171 0.633195 
   162    172 0.699611 
   163    140 0.747677 
   163    141 0.599262 
   163    142 0.635870 
   163    145 0.705560 
   163    146 0.683001 
   163    147 0.695811 
   163    149 0.602148 
   163    150 0.587409 
   163    151 0.728293 
   163    155 0.781585 
   163    156 0.753609 
   163    157 0.632811 
   163    158 0.599221 
   163    159 0.724596 
   163    160 0.755609 
   163    162 0.700850 
   163    165 0.637779 
   163    166 0.632976 
   163    167 0.870372 
   163    170 0.696886 
   163    172 0.576722 
   164    140 0.670340 
   164    141 0.602465 
   164    142 0.587298 
   164    146 0.614776 
   164    147 0.642039 
   164    148 0.566616 
   164    149 0.586849 
   164    150 0.589646 
   164    151 0.630804 
   164    152 0.553073 
   164    154 0.603891 
   164    157 0.678055 
   164    158 0.579049 
   164    160 0.569630 
   164    162 0.572519 
   164    165 0.618965 
   164    167 0.582233 
   164    168 0.588256 
   164    169 0.633036 
   164    170 0.617488 
   164    171 0.562217 
   164    172 0.646937 
   164    173 0.574241 
   164    254 0.503645 
   165      2 0.568871 
   165    140 0.823374 
   165    141 0.808847 
   165    142 0.742128 
   165    145 0.638599 
   165    146 0.740303 
   165    147 0.732059 
   165    148 0.579008 
   165    149 0.762147 
   165    150 0.738613 
   165    151 0.785856 
   165    153 0.513241 
   165    155 0.674606 
   165    156 0.670266 
   165    157 0.661173 
   165    158 0.652907 
   165    160 0.674420 
   165    162 0.754352 
   165    163 0.637779 
   165    164 0.618965 
   165    166 0.602269 
   165    167 0.717205 
   165    168 0.655767 
   165    169 0.684335 
   165    170 0.737944 
   165    171 0.623507 
   165    172 0.763086 
   166     14 0.426170 
   166    140 0.593503 
   166    145 0.590608 
   166    146 0.558498 
   166    147 0.580569 
   166    150 0.568287 
   166    151 0.569586 
   166    155 0.579639 
   166    156 0.636077 
   166    159 0.736284 
   166    160 0.567157 
   166    162 0.597464 
   166    163 0.632976 
   166    165 0.602269 
   166    167 0.652126 
   166    170 0.592982 
   167     54 0.580035 
   167    140 0.824251 
   167    141 0.634990 
   167    142 0.709038 
   167    143 0.599769 
   167    145 0.795194 
   167    146 0.804504 
   167    147 0.754636 
   167    148 0.597003 
   167    149 0.684444 
   167    150 0.673690 
   167    151 0.817417 
   167    152 0.635021 
   167    155 0.857074 
   167    156 0.843393 
   167    157 0.722090 
   167    158 0.656193 
   167    159 0.693863 
   167    160 0.828807 
   167    162 0.759206 
   167    163 0.870372 
   167    164 0.582233 
   167    165 0.717205 
   167    166 0.652126 
   167    169 0.651561 
   167    170 0.810600 
   167    171 0.576939 
   167    172 0.712566 
   167    183 0.593895 
   168      2 0.575758 
   168    140 0.669876 
   168    141 0.642637 
   168    142 0.671814 
   168    146 0.591766 
   168    147 0.634102 
   168    149 0.649241 
   168    150 0.549509 
   168    151 0.638441 
   168    154 0.582669 
   168    155 0.549961 
   168    157 0.570981 
   168    162 0.616099 
   168    164 0.588256 
   168    165 0.655767 
   168    169 0.583014 
   168    170 0.618448 
   168    171 0.579320 
   168    172 0.676165 
   169    140 0.744316 
   169    141 0.616774 
   169    142 0.651840 
   169    144 0.489907 
   169    145 0.626216 
   169    146 0.670306 
   169    147 0.700399 
   169    149 0.671711 
   169    150 0.613466 
   169    151 0.709367 
   169    155 0.638694 
   169    156 0.595953 
   169    157 0.670417 
   169    158 0.560823 
   169    160 0.604518 
   169    161 0.551092 
   169    162 0.676793 
   169    164 0.633036 
   169    165 0.684335 
   169    167 0.651561 
   169    168 0.583014 
   169    170 0.654697 
   169    172 0.624031 
   169    173 0.593737 
   169    183 0.556952 
   170      2 0.566327 
   170     54 0.568429 
   170    140 0.856259 
   170    141 0.681247 
   170    142 0.719101 
   170    143 0.654866 
   170    145 0.861577 
   170    146 0.904494 
   170    147 0.699153 
   170    148 0.662709 
   170    149 0.633434 
   170    150 0.692637 
   170    151 0.745891 
   170    152 0.692061 
   170    155 0.728031 
   170    156 0.707265 
   170    157 0.616058 
   170    158 0.678649 
   170    159 0.565916 
   170    160 0.783308 
   170    162 0.715139 
   170    163 0.696886 
   170    164 0.617488 
   170    165 0.737944 
   170    166 0.592982 
   170    167 0.810600 
   170    168 0.618448 
   170    169 0.654697 
   170    171 0.591074 
   170    172 0.738726 
   171    140 0.686615 
   171    141 0.566411 
   171    142 0.686266 
   171    146 0.589685 
   171    147 0.618107 
   171    149 0.708486 
   171    151 0.678629 
   171    155 0.579980 
   171    156 0.563276 
   171    157 0.614017 
   171    158 0.590710 
   171    162 0.633195 
   171    164 0.562217 
   171    165 0.623507 
   171    167 0.576939 
   171    168 0.579320 
   171    170 0.591074 
   171    172 0.594031 
   171    173 0.565344 
   172      2 0.585627 
   172    140 0.799479 
   172    141 0.727639 
   172    142 0.758412 
   172    143 0.550065 
   172    145 0.639827 
   172    146 0.759201 
   172    147 0.738062 
   172    148 0.607391 
   172    149 0.710547 
   172    150 0.733268 
   172    151 0.783304 
   172    152 0.553776 
   172    155 0.688357 
   172    156 0.624206 
   172    157 0.614956 
   172    158 0.590297 
   172    160 0.658403 
   172    162 0.699611 
   172    163 0.576722 
   172    164 0.646937 
   172    165 0.763086 
   172    167 0.712566 
   172    168 0.676165 
   172    169 0.624031 
   172    170 0.738726 
   172    171 0.594031 
   173    149 0.563965 
   173    161 0.554111 
   173    164 0.574241 
   173    169 0.593737 
   173    171 0.565344 
   174    120 0.565527 
   174    138 0.599489 
   174    237 0.374287 
   174    242 0.553199 
   175    186 0.573171 
   176    187 0.610250 
   176    201 0.573336 
   176    253 0.546354 
   177     83 0.631758 
   177    100 0.725873 
   177    112 0.667934 
   177    114 0.553357 
   177    188 0.557054 
   177    193 0.611866 
   177    195 0.714605 
   177    197 0.560103 
   177    198 0.589610 
   177    214 0.576479 
   177    220 0.638716 
   178    100 0.549122 
   178    114 0.577510 
   178    188 0.550737 
   178    201 0.633980 
   179     80 0.541728 
   179    186 0.638355 
   179    199 0.636276 
   180    190 0.434045 
   181      9 0.510744 
   182    188 0.421793 
   183    140 0.628379 
   183    142 0.636251 
   183    151 0.654580 
   183    156 0.565634 
   183    157 0.619439 
   183    167 0.593895 
   183    169 0.556952 
   183    243 0.543609 
   184    120 0.558441 
   184    127 0.578377 
   184    197 0.552661 
   185    201 0.599049 
   186      3 0.505662 
   186    175 0.573171 
   186    179 0.638355 
   186    190 0.647135 
   186    194 0.611297 
   186    199 0.716524 
   187     12 0.521289 
   187    176 0.610250 
   187    191 0.598374 
   187    201 0.733665 
   188    177 0.557054 
   188    178 0.550737 
   188    182 0.421793 
   188    194 0.556606 
   188    195 0.591137 
   188    198 0.649415 
   188    201 0.644276 
   188    202 0.462998 
   189    122 0.480097 
   189    190 0.772805 
   189    192 0.618976 
   189    200 0.710351 
   189    204 0.568288 
   190    180 0.434045 
   190    186 0.647135 
   190    189 0.772805 
   190    192 0.713426 
   190    194 0.674375 
   190    200 0.665939 
   190    204 0.574562 
   191    187 0.598374 
   191    199 0.631401 
   191    201 0.553237 
   191    260 0.583201 
   192     96 0.624724 
   192    189 0.618976 
   192    190 0.713426 
   192    193 0.596103 
   192    194 0.701520 
   192    195 0.571195 
   192    200 0.603524 
   192    204 0.561686 
   193     96 0.575718 
   193    177 0.611866 
   193    192 0.596103 
   193    194 0.577311 
   193    195 0.559112 
   194    186 0.611297 
   194    188 0.556606 
   194    190 0.674375 
   194    192 0.701520 
   194    193 0.577311 
   195    100 0.604141 
   195    133 0.636656 
   195    177 0.714605 
   195    188 0.591137 
   195    192 0.571195 
   195    193 0.559112 
   195    220 0.666484 
   196     96 0.574428 
   196    106 0.612819 
   196    112 0.628711 
   196    214 0.625563 
   197    100 0.578610 
   197    120 0.610996 
   197    177 0.560103 
   197    184 0.552661 
   197    198 0.592486 
   198    177 0.589610 
   198    188 0.649415 
   198    197 0.592486 
   199    157 0.683946 
   199    179 0.636276 
   199    186 0.716524 
   199    191 0.631401 
   199    255 0.463082 
   199    256 0.601225 
   200    189 0.710351 
   200    190 0.665939 
   200    192 0.603524 
   200    204 0.694600 
   201    176 0.573336 
   201    178 0.633980 
   201    185 0.599049 
   201    187 0.733665 
   201    188 0.644276 
   201    191 0.553237 
   202    188 0.462998 
   203    136 0.541492 
   204     96 0.611662 
   204    189 0.568288 
   204    190 0.574562 
   204    192 0.561686 
   204    200 0.694600 
   205    105 0.644615 
   205    239 0.569192 
   205    240 0.628478 
   205    241 0.660708 
   206    217 0.420526 
   207    242 0.490470 
   208    211 0.478302 
   209     60 0.489489 
   210    213 0.413274 
   211    208 0.478302 
   211    216 0.512578 
   212     59 0.649099 
   212    215 0.631031 
   212    217 0.552722 
   213     47 0.594676 
   213     59 0.696067 
   213    210 0.413274 
   213    216 0.551162 
   213    217 0.673971 
   214    107 0.573836 
   214    112 0.664922 
   214    177 0.576479 
   214    196 0.625563 
   214    215 0.597241 
   214    216 0.581276 
   214    220 0.724597 
   215     59 0.678836 
   215     94 0.562961 
   215    212 0.631031 
   215    214 0.597241 
   215    216 0.655493 
   215    217 0.597408 
   215    219 0.614912 
   216    211 0.512578 
   216    213 0.551162 
   216    214 0.581276 
   216    215 0.655493 
   216    217 0.556622 
   217     59 0.628101 
   217    206 0.420526 
   217    212 0.552722 
   217    213 0.673971 
   217    215 0.597408 
   217    216 0.556622 
   218      9 0.472092 
   219     94 0.566393 
   219    215 0.614912 
   220     94 0.568770 
   220    112 0.577308 
   220    177 0.638716 
   220    195 0.666484 
   220    214 0.724597 
   221    133 0.626906 
   222    226 0.663973 
   223     91 0.472181 
   224    225 0.554123 
   225    224 0.554123 
   225    234 0.592560 
   226     81 0.413859 
   226    160 0.450486 
   226    222 0.663973 
   227    228 0.510808 
   227    230 0.611614 
   227    232 0.526374 
   228    227 0.510808 
   228    233 0.582092 
   229    232 0.527790 
   230    227 0.611614 
   230    231 0.612235 
   231    230 0.612235 
   232     73 0.526200 
   232    227 0.526374 
   232    229 0.527790 
   233    228 0.582092 
   233    234 0.607728 
   234     82 0.493234 
   234    225 0.592560 
   234    233 0.607728 
   235    240 0.618762 
   236    117 0.329957 
   236    240 0.417030 
   237    174 0.374287 
   238    240 0.491316 
   239    105 0.607668 
   239    118 0.640150 
   239    205 0.569192 
   239    241 0.609149 
   240    105 0.617239 
   240    205 0.628478 
   240    235 0.618762 
   240    236 0.417030 
   240    238 0.491316 
   240    241 0.675235 
   241    105 0.682139 
   241    205 0.660708 
   241    239 0.609149 
   241    240 0.675235 
   242    112 0.584915 
   242    118 0.569727 
   242    137 0.686119 
   242    174 0.553199 
   242    207 0.490470 
   243    183 0.543609 
   243    245 0.607108 
   243    246 0.483551 
   244    245 0.568613 
   245     20 0.481757 
   245    243 0.607108 
   245    244 0.568613 
   246    243 0.483551 
   247    248 0.517981 
   248      5 0.418840 
   248      8 0.401915 
   248    247 0.517981 
   249    102 0.347143 
   250     66 0.324069 
   251    136 0.554621 
   252      4 0.510128 
   252    253 0.536924 
   252    259 0.564691 
   253    176 0.546354 
   253    252 0.536924 
   254    164 0.503645 
   255    199 0.463082 
   256    199 0.601225 
   256    258 0.601947 
   257    148 0.474438 
   258    256 0.601947 
   258    263 0.643322 
   259     33 0.542805 
   259     74 0.518299 
   259     75 0.305960 
   259    252 0.564691 
   260    191 0.583201 
   261    157 0.452205 
   262    154 0.520770 
   263     13 0.666131 
   263    258 0.643322 
   264     54 0.455608 
