*vertices    264 
     1 "     1" 
     2 "     2" 
     3 "     3" 
     4 "     4" 
     5 "     5" 
     6 "     6" 
     7 "     7" 
     8 "     8" 
     9 "     9" 
    10 "    10" 
    11 "    11" 
    12 "    12" 
    13 "    13" 
    14 "    14" 
    15 "    15" 
    16 "    16" 
    17 "    17" 
    18 "    18" 
    19 "    19" 
    20 "    20" 
    21 "    21" 
    22 "    22" 
    23 "    23" 
    24 "    24" 
    25 "    25" 
    26 "    26" 
    27 "    27" 
    28 "    28" 
    29 "    29" 
    30 "    30" 
    31 "    31" 
    32 "    32" 
    33 "    33" 
    34 "    34" 
    35 "    35" 
    36 "    36" 
    37 "    37" 
    38 "    38" 
    39 "    39" 
    40 "    40" 
    41 "    41" 
    42 "    42" 
    43 "    43" 
    44 "    44" 
    45 "    45" 
    46 "    46" 
    47 "    47" 
    48 "    48" 
    49 "    49" 
    50 "    50" 
    51 "    51" 
    52 "    52" 
    53 "    53" 
    54 "    54" 
    55 "    55" 
    56 "    56" 
    57 "    57" 
    58 "    58" 
    59 "    59" 
    60 "    60" 
    61 "    61" 
    62 "    62" 
    63 "    63" 
    64 "    64" 
    65 "    65" 
    66 "    66" 
    67 "    67" 
    68 "    68" 
    69 "    69" 
    70 "    70" 
    71 "    71" 
    72 "    72" 
    73 "    73" 
    74 "    74" 
    75 "    75" 
    76 "    76" 
    77 "    77" 
    78 "    78" 
    79 "    79" 
    80 "    80" 
    81 "    81" 
    82 "    82" 
    83 "    83" 
    84 "    84" 
    85 "    85" 
    86 "    86" 
    87 "    87" 
    88 "    88" 
    89 "    89" 
    90 "    90" 
    91 "    91" 
    92 "    92" 
    93 "    93" 
    94 "    94" 
    95 "    95" 
    96 "    96" 
    97 "    97" 
    98 "    98" 
    99 "    99" 
   100 "   100" 
   101 "   101" 
   102 "   102" 
   103 "   103" 
   104 "   104" 
   105 "   105" 
   106 "   106" 
   107 "   107" 
   108 "   108" 
   109 "   109" 
   110 "   110" 
   111 "   111" 
   112 "   112" 
   113 "   113" 
   114 "   114" 
   115 "   115" 
   116 "   116" 
   117 "   117" 
   118 "   118" 
   119 "   119" 
   120 "   120" 
   121 "   121" 
   122 "   122" 
   123 "   123" 
   124 "   124" 
   125 "   125" 
   126 "   126" 
   127 "   127" 
   128 "   128" 
   129 "   129" 
   130 "   130" 
   131 "   131" 
   132 "   132" 
   133 "   133" 
   134 "   134" 
   135 "   135" 
   136 "   136" 
   137 "   137" 
   138 "   138" 
   139 "   139" 
   140 "   140" 
   141 "   141" 
   142 "   142" 
   143 "   143" 
   144 "   144" 
   145 "   145" 
   146 "   146" 
   147 "   147" 
   148 "   148" 
   149 "   149" 
   150 "   150" 
   151 "   151" 
   152 "   152" 
   153 "   153" 
   154 "   154" 
   155 "   155" 
   156 "   156" 
   157 "   157" 
   158 "   158" 
   159 "   159" 
   160 "   160" 
   161 "   161" 
   162 "   162" 
   163 "   163" 
   164 "   164" 
   165 "   165" 
   166 "   166" 
   167 "   167" 
   168 "   168" 
   169 "   169" 
   170 "   170" 
   171 "   171" 
   172 "   172" 
   173 "   173" 
   174 "   174" 
   175 "   175" 
   176 "   176" 
   177 "   177" 
   178 "   178" 
   179 "   179" 
   180 "   180" 
   181 "   181" 
   182 "   182" 
   183 "   183" 
   184 "   184" 
   185 "   185" 
   186 "   186" 
   187 "   187" 
   188 "   188" 
   189 "   189" 
   190 "   190" 
   191 "   191" 
   192 "   192" 
   193 "   193" 
   194 "   194" 
   195 "   195" 
   196 "   196" 
   197 "   197" 
   198 "   198" 
   199 "   199" 
   200 "   200" 
   201 "   201" 
   202 "   202" 
   203 "   203" 
   204 "   204" 
   205 "   205" 
   206 "   206" 
   207 "   207" 
   208 "   208" 
   209 "   209" 
   210 "   210" 
   211 "   211" 
   212 "   212" 
   213 "   213" 
   214 "   214" 
   215 "   215" 
   216 "   216" 
   217 "   217" 
   218 "   218" 
   219 "   219" 
   220 "   220" 
   221 "   221" 
   222 "   222" 
   223 "   223" 
   224 "   224" 
   225 "   225" 
   226 "   226" 
   227 "   227" 
   228 "   228" 
   229 "   229" 
   230 "   230" 
   231 "   231" 
   232 "   232" 
   233 "   233" 
   234 "   234" 
   235 "   235" 
   236 "   236" 
   237 "   237" 
   238 "   238" 
   239 "   239" 
   240 "   240" 
   241 "   241" 
   242 "   242" 
   243 "   243" 
   244 "   244" 
   245 "   245" 
   246 "   246" 
   247 "   247" 
   248 "   248" 
   249 "   249" 
   250 "   250" 
   251 "   251" 
   252 "   252" 
   253 "   253" 
   254 "   254" 
   255 "   255" 
   256 "   256" 
   257 "   257" 
   258 "   258" 
   259 "   259" 
   260 "   260" 
   261 "   261" 
   262 "   262" 
   263 "   263" 
   264 "   264" 
*edges 
     1      2 0.537984 
     1    140 0.597270 
     1    142 0.613526 
     2      1 0.537984 
     2    141 0.856355 
     3    188 0.565372 
     3    241 0.605225 
     4     10 0.341463 
     5     76 0.717593 
     5     78 0.497822 
     5    116 0.587579 
     5    132 0.650987 
     6     77 0.627085 
     7     77 0.677020 
     7    125 0.638456 
     8    250 0.558059 
     9     75 0.663260 
     9     97 0.654599 
     9    101 0.608039 
     9    112 0.607995 
     9    116 0.650107 
     9    194 0.587853 
     9    200 0.598058 
    10      4 0.341463 
    10     82 0.442551 
    11    246 0.341442 
    12     76 0.645298 
    12     98 0.587114 
    12    106 0.591649 
    12    132 0.598887 
    12    206 0.525648 
    13     79 0.787705 
    13     80 0.683228 
    13    134 0.647048 
    13    136 0.822208 
    13    203 0.637824 
    13    204 0.620700 
    13    251 0.611875 
    14    143 0.597320 
    14    166 0.635207 
    14    240 0.589728 
    15     23 0.684948 
    15     28 0.602135 
    15     34 0.662669 
    15     40 0.654507 
    15     51 0.709965 
    16     51 0.594633 
    16     54 0.534888 
    17     18 0.744371 
    17     31 0.686790 
    17     39 0.719258 
    17     40 0.719968 
    18     17 0.744371 
    18     19 0.582815 
    18     31 0.740104 
    18     39 0.838605 
    18     40 0.778778 
    19     18 0.582815 
    19     31 0.687324 
    19     39 0.598266 
    20     24 0.652212 
    20     30 0.614076 
    20     33 0.587095 
    20     37 0.615422 
    20     69 0.646078 
    20     72 0.639154 
    21     25 0.631618 
    21     36 0.596440 
    22     38 0.561305 
    22    263 0.561585 
    23     15 0.684948 
    23     28 0.673443 
    23     34 0.770080 
    23     38 0.607709 
    23     65 0.592725 
    24     20 0.652212 
    24     27 0.624702 
    24     30 0.592614 
    24     35 0.684076 
    24     37 0.777072 
    24     69 0.664775 
    25     21 0.631618 
    25     26 0.528790 
    25     36 0.635936 
    26     25 0.528790 
    26     33 0.585123 
    26     72 0.643863 
    27     24 0.624702 
    27     35 0.724667 
    27     37 0.864583 
    28     15 0.602135 
    28     23 0.673443 
    28     34 0.662728 
    28     40 0.581150 
    29     41 0.514593 
    30     20 0.614076 
    30     24 0.592614 
    30     69 0.589660 
    31     17 0.686790 
    31     18 0.740104 
    31     19 0.687324 
    31     39 0.673510 
    32     38 0.686167 
    33     20 0.587095 
    33     26 0.585123 
    33    252 0.546490 
    34     15 0.662669 
    34     23 0.770080 
    34     28 0.662728 
    34     40 0.589706 
    35     24 0.684076 
    35     27 0.724667 
    35     37 0.756750 
    36     21 0.596440 
    36     25 0.635936 
    36     41 0.674178 
    37     20 0.615422 
    37     24 0.777072 
    37     27 0.864583 
    37     35 0.756750 
    37     69 0.580602 
    37    245 0.523060 
    38     22 0.561305 
    38     23 0.607709 
    38     32 0.686167 
    39     17 0.719258 
    39     18 0.838605 
    39     19 0.598266 
    39     31 0.673510 
    39     40 0.765847 
    40     15 0.654507 
    40     17 0.719968 
    40     18 0.778778 
    40     28 0.581150 
    40     34 0.589706 
    40     39 0.765847 
    40     51 0.608825 
    41     29 0.514593 
    41     36 0.674178 
    42     44 0.694870 
    43     52 0.637836 
    43    229 0.518917 
    44     42 0.694870 
    44    243 0.549002 
    45     69 0.586977 
    46     63 0.546307 
    47     54 0.695166 
    48    205 0.665750 
    49     50 0.587339 
    49     53 0.612447 
    50     49 0.587339 
    50     53 0.580726 
    51     15 0.709965 
    51     16 0.594633 
    51     40 0.608825 
    51     53 0.544072 
    52     43 0.637836 
    52     60 0.582720 
    52    247 0.455868 
    53     49 0.612447 
    53     50 0.580726 
    53     51 0.544072 
    54     16 0.534888 
    54     47 0.695166 
    55     71 0.438000 
    56     58 0.696354 
    56    210 0.575166 
    57    231 0.466350 
    58     56 0.696354 
    59    210 0.598924 
    59    212 0.696672 
    59    213 0.771393 
    59    217 0.723969 
    60     52 0.582720 
    60    209 0.627582 
    60    210 0.626262 
    61     73 0.536551 
    61    240 0.533215 
    62     68 0.554521 
    63     46 0.546307 
    63     65 0.673597 
    63     66 0.633892 
    64     65 0.701554 
    64     67 0.381928 
    65     23 0.592725 
    65     63 0.673597 
    65     64 0.701554 
    65     66 0.581604 
    66     63 0.633892 
    66     65 0.581604 
    67     64 0.381928 
    68     62 0.554521 
    68     70 0.631528 
    68    237 0.591765 
    69     20 0.646078 
    69     24 0.664775 
    69     30 0.589660 
    69     37 0.580602 
    69     45 0.586977 
    69     70 0.567701 
    70     68 0.631528 
    70     69 0.567701 
    70     71 0.555742 
    71     55 0.438000 
    71     70 0.555742 
    72     20 0.639154 
    72     26 0.643863 
    73     61 0.536551 
    74     79 0.591628 
    74    136 0.609613 
    75      9 0.663260 
    76      5 0.717593 
    76     12 0.645298 
    76     83 0.585869 
    76     91 0.650000 
    76     96 0.605484 
    76     98 0.580940 
    76    101 0.706604 
    76    109 0.660276 
    76    132 0.640068 
    77      6 0.627085 
    77      7 0.677020 
    77     90 0.623937 
    77     91 0.594477 
    77    124 0.626099 
    77    125 0.599579 
    77    160 0.660754 
    78      5 0.497822 
    79     13 0.787705 
    79     74 0.591628 
    79     80 0.656321 
    79    136 0.678335 
    79    204 0.690839 
    80     13 0.683228 
    80     79 0.656321 
    80    136 0.731306 
    80    178 0.562358 
    80    251 0.758026 
    80    254 0.578330 
    81     82 0.638159 
    81    249 0.584891 
    81    250 0.580962 
    82     10 0.442551 
    82     81 0.638159 
    82    132 0.571984 
    82    249 0.612661 
    82    250 0.593671 
    83     76 0.585869 
    83     84 0.612198 
    83     86 0.581599 
    83     91 0.585487 
    83     98 0.614208 
    83     99 0.679510 
    83    100 0.584450 
    83    101 0.643143 
    83    104 0.632330 
    84     83 0.612198 
    84     86 0.659185 
    84     88 0.593067 
    84     99 0.602547 
    84    100 0.605356 
    84    118 0.591098 
    84    195 0.618569 
    85    132 0.562220 
    85    211 0.542298 
    86     83 0.581599 
    86     84 0.659185 
    86     87 0.713996 
    86     88 0.733909 
    86     89 0.637727 
    86     91 0.669090 
    86     96 0.725587 
    86     98 0.645959 
    86     99 0.743479 
    86    100 0.773101 
    86    101 0.578363 
    86    104 0.682188 
    86    112 0.670793 
    86    114 0.717988 
    86    115 0.656626 
    86    120 0.696597 
    86    133 0.589531 
    86    194 0.642996 
    86    195 0.778602 
    86    221 0.595752 
    87     86 0.713996 
    87     88 0.657799 
    87     89 0.659074 
    87     90 0.671206 
    87     91 0.790676 
    87     99 0.679051 
    87    100 0.717936 
    87    101 0.636437 
    87    104 0.578526 
    87    109 0.612753 
    87    112 0.584471 
    87    114 0.590968 
    87    133 0.755448 
    87    195 0.781841 
    87    221 0.584468 
    87    223 0.597970 
    88     84 0.593067 
    88     86 0.733909 
    88     87 0.657799 
    88     89 0.769263 
    88     91 0.735221 
    88     92 0.700297 
    88     96 0.634138 
    88     99 0.611366 
    88    100 0.627900 
    88    114 0.582422 
    88    195 0.674545 
    88    221 0.597260 
    89     86 0.637727 
    89     87 0.659074 
    89     88 0.769263 
    89     91 0.667205 
    89     92 0.774285 
    89     96 0.740123 
    89    101 0.590885 
    89    194 0.630122 
    89    195 0.685602 
    89    221 0.695240 
    90     77 0.623937 
    90     87 0.671206 
    90     91 0.596138 
    90     94 0.477759 
    90     95 0.823416 
    90    124 0.678905 
    91     76 0.650000 
    91     77 0.594477 
    91     83 0.585487 
    91     86 0.669090 
    91     87 0.790676 
    91     88 0.735221 
    91     89 0.667205 
    91     90 0.596138 
    91     99 0.694436 
    91    100 0.674652 
    91    101 0.679761 
    91    104 0.645157 
    91    109 0.604003 
    91    114 0.633105 
    91    115 0.584233 
    91    133 0.770667 
    91    195 0.646600 
    91    221 0.660792 
    91    223 0.586508 
    92     88 0.700297 
    92     89 0.774285 
    92     96 0.613764 
    92    195 0.591036 
    92    221 0.623822 
    93     95 0.634010 
    93    134 0.791713 
    93    135 0.699093 
    93    163 0.648044 
    94     90 0.477759 
    95     90 0.823416 
    95     93 0.634010 
    95    124 0.652772 
    95    125 0.624400 
    95    126 0.582760 
    95    160 0.638604 
    96     76 0.605484 
    96     86 0.725587 
    96     88 0.634138 
    96     89 0.740123 
    96     92 0.613764 
    96    100 0.635723 
    96    101 0.622980 
    96    112 0.606027 
    96    120 0.625100 
    96    121 0.638748 
    96    128 0.705204 
    96    130 0.658586 
    96    194 0.715200 
    96    195 0.624642 
    96    221 0.590886 
    97      9 0.654599 
    97    100 0.611870 
    97    101 0.789409 
    97    112 0.606730 
    97    121 0.603090 
    97    193 0.650866 
    97    194 0.629621 
    97    219 0.638556 
    97    221 0.598181 
    98     12 0.587114 
    98     76 0.580940 
    98     83 0.614208 
    98     86 0.645959 
    98     99 0.742030 
    98    100 0.634021 
    98    102 0.595955 
    98    103 0.688229 
    98    104 0.741914 
    98    106 0.735776 
    98    114 0.756764 
    98    115 0.598343 
    98    121 0.624256 
    98    132 0.627872 
    98    215 0.612410 
    99     83 0.679510 
    99     84 0.602547 
    99     86 0.743479 
    99     87 0.679051 
    99     88 0.611366 
    99     91 0.694436 
    99     98 0.742030 
    99    100 0.799056 
    99    101 0.638529 
    99    104 0.794839 
    99    107 0.579616 
    99    109 0.657184 
    99    112 0.728045 
    99    114 0.689091 
    99    115 0.722147 
    99    127 0.468728 
    99    132 0.604811 
    99    133 0.609546 
    99    195 0.658968 
    99    215 0.594578 
   100     83 0.584450 
   100     84 0.605356 
   100     86 0.773101 
   100     87 0.717936 
   100     88 0.627900 
   100     91 0.674652 
   100     96 0.635723 
   100     97 0.611870 
   100     98 0.634021 
   100     99 0.799056 
   100    101 0.700780 
   100    104 0.700663 
   100    112 0.741454 
   100    114 0.697111 
   100    115 0.636415 
   100    121 0.597777 
   100    133 0.605930 
   100    194 0.624095 
   100    195 0.695867 
   101      9 0.608039 
   101     76 0.706604 
   101     83 0.643143 
   101     86 0.578363 
   101     87 0.636437 
   101     89 0.590885 
   101     91 0.679761 
   101     96 0.622980 
   101     97 0.789409 
   101     99 0.638529 
   101    100 0.700780 
   101    104 0.661093 
   101    112 0.631778 
   101    114 0.616015 
   101    116 0.585522 
   101    133 0.688903 
   101    193 0.618479 
   101    194 0.595178 
   102     98 0.595955 
   102    103 0.660571 
   102    104 0.661795 
   102    106 0.588312 
   102    114 0.589002 
   102    121 0.633146 
   103     98 0.688229 
   103    102 0.660571 
   103    106 0.658222 
   103    114 0.621248 
   104     83 0.632330 
   104     86 0.682188 
   104     87 0.578526 
   104     91 0.645157 
   104     98 0.741914 
   104     99 0.794839 
   104    100 0.700663 
   104    101 0.661093 
   104    102 0.661795 
   104    112 0.683510 
   104    114 0.783211 
   104    133 0.647450 
   105    108 0.744538 
   105    109 0.628537 
   105    110 0.613242 
   105    113 0.715304 
   105    115 0.629631 
   105    197 0.578949 
   105    218 0.632241 
   105    239 0.580749 
   106     12 0.591649 
   106     98 0.735776 
   106    102 0.588312 
   106    103 0.658222 
   106    114 0.673341 
   106    139 0.612963 
   107     99 0.579616 
   107    108 0.617751 
   107    109 0.711207 
   107    111 0.811412 
   107    113 0.689651 
   107    115 0.657162 
   107    212 0.680089 
   107    214 0.622679 
   107    215 0.606922 
   108    105 0.744538 
   108    107 0.617751 
   108    109 0.597547 
   108    110 0.619105 
   108    111 0.589489 
   108    113 0.614784 
   109     76 0.660276 
   109     87 0.612753 
   109     91 0.604003 
   109     99 0.657184 
   109    105 0.628537 
   109    107 0.711207 
   109    108 0.597547 
   109    110 0.703323 
   109    111 0.617466 
   109    112 0.592772 
   109    113 0.732303 
   109    115 0.683153 
   109    132 0.667297 
   109    133 0.590485 
   109    195 0.640297 
   109    214 0.629191 
   109    215 0.677882 
   109    221 0.596034 
   109    223 0.660666 
   110    105 0.613242 
   110    108 0.619105 
   110    109 0.703323 
   110    113 0.676393 
   110    221 0.616307 
   111    107 0.811412 
   111    108 0.589489 
   111    109 0.617466 
   111    113 0.596466 
   111    115 0.702278 
   112      9 0.607995 
   112     86 0.670793 
   112     87 0.584471 
   112     96 0.606027 
   112     97 0.606730 
   112     99 0.728045 
   112    100 0.741454 
   112    101 0.631778 
   112    104 0.683510 
   112    109 0.592772 
   112    114 0.620488 
   112    115 0.704669 
   112    120 0.601485 
   112    132 0.614416 
   112    133 0.580747 
   112    195 0.706434 
   112    202 0.773646 
   113    105 0.715304 
   113    107 0.689651 
   113    108 0.614784 
   113    109 0.732303 
   113    110 0.676393 
   113    111 0.596466 
   113    115 0.635445 
   113    122 0.669714 
   113    212 0.579538 
   113    214 0.587084 
   113    215 0.645392 
   114     86 0.717988 
   114     87 0.590968 
   114     88 0.582422 
   114     91 0.633105 
   114     98 0.756764 
   114     99 0.689091 
   114    100 0.697111 
   114    101 0.616015 
   114    102 0.589002 
   114    103 0.621248 
   114    104 0.783211 
   114    106 0.673341 
   114    112 0.620488 
   114    120 0.588371 
   114    132 0.642655 
   114    195 0.582571 
   115     86 0.656626 
   115     91 0.584233 
   115     98 0.598343 
   115     99 0.722147 
   115    100 0.636415 
   115    105 0.629631 
   115    107 0.657162 
   115    109 0.683153 
   115    111 0.702278 
   115    112 0.704669 
   115    113 0.635445 
   115    132 0.664482 
   115    195 0.637570 
   115    215 0.580182 
   116      5 0.587579 
   116      9 0.650107 
   116    101 0.585522 
   117    123 0.512958 
   118     84 0.591098 
   118    120 0.624462 
   118    131 0.701585 
   119    130 0.586102 
   120     86 0.696597 
   120     96 0.625100 
   120    112 0.601485 
   120    114 0.588371 
   120    118 0.624462 
   120    128 0.603928 
   120    129 0.599086 
   120    131 0.599082 
   120    195 0.580880 
   121     96 0.638748 
   121     97 0.603090 
   121     98 0.624256 
   121    100 0.597777 
   121    102 0.633146 
   121    128 0.592156 
   122    113 0.669714 
   122    217 0.619935 
   123    117 0.512958 
   123    128 0.516515 
   124     77 0.626099 
   124     90 0.678905 
   124     95 0.652772 
   124    125 0.681617 
   124    126 0.609588 
   125      7 0.638456 
   125     77 0.599579 
   125     95 0.624400 
   125    124 0.681617 
   125    126 0.674626 
   125    160 0.631565 
   126     95 0.582760 
   126    124 0.609588 
   126    125 0.674626 
   127     99 0.468728 
   127    184 0.668551 
   127    185 0.518271 
   128     96 0.705204 
   128    120 0.603928 
   128    121 0.592156 
   128    123 0.516515 
   128    239 0.636437 
   129    120 0.599086 
   129    132 0.623726 
   130     96 0.658586 
   130    119 0.586102 
   130    194 0.587762 
   131    118 0.701585 
   131    120 0.599082 
   131    242 0.568092 
   132      5 0.650987 
   132     12 0.598887 
   132     76 0.640068 
   132     82 0.571984 
   132     85 0.562220 
   132     98 0.627872 
   132     99 0.604811 
   132    109 0.667297 
   132    112 0.614416 
   132    114 0.642655 
   132    115 0.664482 
   132    129 0.623726 
   132    215 0.578478 
   133     86 0.589531 
   133     87 0.755448 
   133     91 0.770667 
   133     99 0.609546 
   133    100 0.605930 
   133    101 0.688903 
   133    104 0.647450 
   133    109 0.590485 
   133    112 0.580747 
   133    221 0.629712 
   134     13 0.647048 
   134     93 0.791713 
   134    135 0.848289 
   134    136 0.617078 
   134    163 0.657765 
   134    166 0.580036 
   134    259 0.649462 
   135     93 0.699093 
   135    134 0.848289 
   135    166 0.593556 
   135    203 0.595858 
   135    259 0.597713 
   136     13 0.822208 
   136     74 0.609613 
   136     79 0.678335 
   136     80 0.731306 
   136    134 0.617078 
   136    203 0.749766 
   136    204 0.630092 
   136    205 0.606599 
   136    251 0.705617 
   136    263 0.586907 
   137    139 0.742124 
   137    180 0.437056 
   138    213 0.562235 
   139    106 0.612963 
   139    137 0.742124 
   140      1 0.597270 
   140    142 0.735712 
   140    158 0.613406 
   140    165 0.697558 
   140    170 0.593807 
   140    225 0.490236 
   141      2 0.856355 
   141    165 0.578169 
   142      1 0.613526 
   142    140 0.735712 
   142    165 0.608679 
   143     14 0.597320 
   143    147 0.722484 
   143    148 0.687916 
   143    149 0.733045 
   143    151 0.751470 
   143    154 0.619111 
   143    155 0.695443 
   143    156 0.735139 
   143    157 0.755227 
   143    159 0.762960 
   143    160 0.783729 
   143    162 0.684730 
   143    163 0.691132 
   143    164 0.681586 
   143    166 0.757836 
   143    168 0.691394 
   143    169 0.665096 
   143    172 0.715271 
   144    169 0.566769 
   145    146 0.833523 
   145    147 0.639868 
   145    148 0.602743 
   145    149 0.624795 
   145    151 0.580529 
   145    152 0.695673 
   145    160 0.604540 
   145    163 0.748919 
   145    167 0.827844 
   145    170 0.802201 
   146    145 0.833523 
   146    147 0.612177 
   146    148 0.581551 
   146    149 0.603862 
   146    151 0.621416 
   146    152 0.665008 
   146    163 0.650959 
   146    167 0.795133 
   146    170 0.701464 
   147    143 0.722484 
   147    145 0.639868 
   147    146 0.612177 
   147    148 0.688559 
   147    149 0.886446 
   147    151 0.725200 
   147    155 0.791578 
   147    156 0.778308 
   147    157 0.795736 
   147    159 0.818478 
   147    160 0.617646 
   147    162 0.785725 
   147    163 0.694108 
   147    164 0.668814 
   147    166 0.838070 
   147    167 0.651098 
   147    168 0.615642 
   147    169 0.586445 
   147    170 0.592014 
   147    172 0.627175 
   148    143 0.687916 
   148    145 0.602743 
   148    146 0.581551 
   148    147 0.688559 
   148    149 0.657105 
   148    151 0.665437 
   148    152 0.634751 
   148    155 0.578771 
   148    159 0.644730 
   148    160 0.590976 
   148    163 0.602483 
   148    164 0.663294 
   148    166 0.659854 
   148    167 0.594013 
   148    168 0.592415 
   148    172 0.654333 
   149    143 0.733045 
   149    145 0.624795 
   149    146 0.603862 
   149    147 0.886446 
   149    148 0.657105 
   149    151 0.754571 
   149    155 0.897430 
   149    156 0.897142 
   149    157 0.835472 
   149    159 0.820664 
   149    162 0.853924 
   149    163 0.675566 
   149    164 0.659558 
   149    166 0.812986 
   149    167 0.684784 
   149    168 0.618925 
   149    172 0.600407 
   150    154 0.631003 
   150    168 0.590589 
   151    143 0.751470 
   151    145 0.580529 
   151    146 0.621416 
   151    147 0.725200 
   151    148 0.665437 
   151    149 0.754571 
   151    155 0.741811 
   151    156 0.700914 
   151    157 0.686079 
   151    159 0.679615 
   151    160 0.631818 
   151    162 0.666825 
   151    163 0.655748 
   151    164 0.673137 
   151    166 0.708344 
   151    167 0.625748 
   151    168 0.619151 
   151    172 0.683271 
   152    145 0.695673 
   152    146 0.665008 
   152    148 0.634751 
   152    160 0.717675 
   152    163 0.646673 
   152    167 0.686547 
   152    170 0.667075 
   153    154 0.707416 
   153    157 0.589877 
   153    161 0.707241 
   153    168 0.698167 
   153    169 0.743229 
   153    172 0.610001 
   153    173 0.680784 
   153    257 0.596831 
   154    143 0.619111 
   154    150 0.631003 
   154    153 0.707416 
   154    157 0.606340 
   154    161 0.731785 
   154    164 0.686943 
   154    166 0.642496 
   154    168 0.854241 
   154    169 0.802410 
   154    172 0.757489 
   154    173 0.694538 
   154    236 0.642351 
   154    240 0.635233 
   154    257 0.603603 
   155    143 0.695443 
   155    147 0.791578 
   155    148 0.578771 
   155    149 0.897430 
   155    151 0.741811 
   155    156 0.888600 
   155    157 0.766537 
   155    159 0.754009 
   155    160 0.591144 
   155    162 0.789762 
   155    163 0.638467 
   155    164 0.619731 
   155    166 0.759284 
   155    167 0.685916 
   155    168 0.587310 
   155    172 0.598242 
   156    143 0.735139 
   156    147 0.778308 
   156    149 0.897142 
   156    151 0.700914 
   156    155 0.888600 
   156    157 0.864187 
   156    159 0.816733 
   156    160 0.594139 
   156    162 0.861651 
   156    163 0.679416 
   156    164 0.583506 
   156    166 0.760347 
   156    167 0.642298 
   156    168 0.624638 
   156    169 0.585797 
   156    172 0.596630 
   157    143 0.755227 
   157    147 0.795736 
   157    149 0.835472 
   157    151 0.686079 
   157    153 0.589877 
   157    154 0.606340 
   157    155 0.766537 
   157    156 0.864187 
   157    159 0.823057 
   157    160 0.610725 
   157    162 0.870061 
   157    163 0.637591 
   157    164 0.654678 
   157    166 0.770452 
   157    168 0.707424 
   157    169 0.711094 
   157    172 0.669839 
   157    173 0.611674 
   158    140 0.613406 
   159    143 0.762960 
   159    147 0.818478 
   159    148 0.644730 
   159    149 0.820664 
   159    151 0.679615 
   159    155 0.754009 
   159    156 0.816733 
   159    157 0.823057 
   159    160 0.612033 
   159    162 0.803422 
   159    163 0.684989 
   159    164 0.642378 
   159    166 0.866740 
   159    167 0.594285 
   159    168 0.636557 
   159    169 0.614996 
   159    172 0.599577 
   160     77 0.660754 
   160     95 0.638604 
   160    125 0.631565 
   160    143 0.783729 
   160    145 0.604540 
   160    147 0.617646 
   160    148 0.590976 
   160    151 0.631818 
   160    152 0.717675 
   160    155 0.591144 
   160    156 0.594139 
   160    157 0.610725 
   160    159 0.612033 
   160    163 0.735642 
   160    164 0.589442 
   160    166 0.667754 
   160    167 0.658086 
   160    168 0.603429 
   160    169 0.579172 
   160    170 0.580189 
   160    172 0.641112 
   161    153 0.707241 
   161    154 0.731785 
   161    164 0.606410 
   161    168 0.706859 
   161    169 0.690809 
   161    172 0.595187 
   161    173 0.641160 
   161    257 0.624127 
   162    143 0.684730 
   162    147 0.785725 
   162    149 0.853924 
   162    151 0.666825 
   162    155 0.789762 
   162    156 0.861651 
   162    157 0.870061 
   162    159 0.803422 
   162    164 0.599373 
   162    166 0.743518 
   162    168 0.638856 
   162    169 0.634159 
   162    172 0.600397 
   163     93 0.648044 
   163    134 0.657765 
   163    143 0.691132 
   163    145 0.748919 
   163    146 0.650959 
   163    147 0.694108 
   163    148 0.602483 
   163    149 0.675566 
   163    151 0.655748 
   163    152 0.646673 
   163    155 0.638467 
   163    156 0.679416 
   163    157 0.637591 
   163    159 0.684989 
   163    160 0.735642 
   163    166 0.679787 
   163    167 0.800090 
   163    170 0.581814 
   164    143 0.681586 
   164    147 0.668814 
   164    148 0.663294 
   164    149 0.659558 
   164    151 0.673137 
   164    154 0.686943 
   164    155 0.619731 
   164    156 0.583506 
   164    157 0.654678 
   164    159 0.642378 
   164    160 0.589442 
   164    161 0.606410 
   164    162 0.599373 
   164    166 0.715335 
   164    168 0.738732 
   164    169 0.656450 
   164    172 0.704133 
   164    173 0.610635 
   165    140 0.697558 
   165    141 0.578169 
   165    142 0.608679 
   165    183 0.634469 
   166     14 0.635207 
   166    134 0.580036 
   166    135 0.593556 
   166    143 0.757836 
   166    147 0.838070 
   166    148 0.659854 
   166    149 0.812986 
   166    151 0.708344 
   166    154 0.642496 
   166    155 0.759284 
   166    156 0.760347 
   166    157 0.770452 
   166    159 0.866740 
   166    160 0.667754 
   166    162 0.743518 
   166    163 0.679787 
   166    164 0.715335 
   166    168 0.710452 
   166    169 0.678814 
   166    172 0.659202 
   166    203 0.595983 
   166    240 0.627542 
   167    145 0.827844 
   167    146 0.795133 
   167    147 0.651098 
   167    148 0.594013 
   167    149 0.684784 
   167    151 0.625748 
   167    152 0.686547 
   167    155 0.685916 
   167    156 0.642298 
   167    159 0.594285 
   167    160 0.658086 
   167    163 0.800090 
   167    170 0.634046 
   168    143 0.691394 
   168    147 0.615642 
   168    148 0.592415 
   168    149 0.618925 
   168    150 0.590589 
   168    151 0.619151 
   168    153 0.698167 
   168    154 0.854241 
   168    155 0.587310 
   168    156 0.624638 
   168    157 0.707424 
   168    159 0.636557 
   168    160 0.603429 
   168    161 0.706859 
   168    162 0.638856 
   168    164 0.738732 
   168    166 0.710452 
   168    169 0.866758 
   168    171 0.589262 
   168    172 0.814664 
   168    173 0.756587 
   168    236 0.578546 
   168    257 0.583775 
   169    143 0.665096 
   169    144 0.566769 
   169    147 0.586445 
   169    153 0.743229 
   169    154 0.802410 
   169    156 0.585797 
   169    157 0.711094 
   169    159 0.614996 
   169    160 0.579172 
   169    161 0.690809 
   169    162 0.634159 
   169    164 0.656450 
   169    166 0.678814 
   169    168 0.866758 
   169    172 0.765493 
   169    173 0.795848 
   169    236 0.582296 
   169    260 0.474076 
   170    140 0.593807 
   170    145 0.802201 
   170    146 0.701464 
   170    147 0.592014 
   170    152 0.667075 
   170    160 0.580189 
   170    163 0.581814 
   170    167 0.634046 
   171    168 0.589262 
   171    172 0.596438 
   172    143 0.715271 
   172    147 0.627175 
   172    148 0.654333 
   172    149 0.600407 
   172    151 0.683271 
   172    153 0.610001 
   172    154 0.757489 
   172    155 0.598242 
   172    156 0.596630 
   172    157 0.669839 
   172    159 0.599577 
   172    160 0.641112 
   172    161 0.595187 
   172    162 0.600397 
   172    164 0.704133 
   172    166 0.659202 
   172    168 0.814664 
   172    169 0.765493 
   172    171 0.596438 
   172    173 0.720571 
   173    153 0.680784 
   173    154 0.694538 
   173    157 0.611674 
   173    161 0.641160 
   173    164 0.610635 
   173    168 0.756587 
   173    169 0.795848 
   173    172 0.720571 
   174    259 0.461473 
   175    181 0.593783 
   175    190 0.665092 
   175    216 0.569565 
   176    187 0.732946 
   177    190 0.588892 
   177    195 0.617895 
   177    197 0.659149 
   178     80 0.562358 
   178    201 0.591777 
   179    258 0.710742 
   180    137 0.437056 
   181    175 0.593783 
   182    201 0.479679 
   183    165 0.634469 
   184    127 0.668551 
   185    127 0.518271 
   186    187 0.622136 
   186    196 0.521943 
   186    258 0.708539 
   187    176 0.732946 
   187    186 0.622136 
   187    258 0.622665 
   188      3 0.565372 
   189    218 0.514900 
   190    175 0.665092 
   190    177 0.588892 
   190    192 0.586744 
   190    200 0.653083 
   190    207 0.424018 
   191    202 0.533521 
   192    190 0.586744 
   192    193 0.675517 
   192    199 0.662874 
   193     97 0.650866 
   193    101 0.618479 
   193    192 0.675517 
   193    194 0.582630 
   194      9 0.587853 
   194     86 0.642996 
   194     89 0.630122 
   194     96 0.715200 
   194     97 0.629621 
   194    100 0.624095 
   194    101 0.595178 
   194    130 0.587762 
   194    193 0.582630 
   194    195 0.591251 
   194    221 0.609434 
   195     84 0.618569 
   195     86 0.778602 
   195     87 0.781841 
   195     88 0.674545 
   195     89 0.685602 
   195     91 0.646600 
   195     92 0.591036 
   195     96 0.624642 
   195     99 0.658968 
   195    100 0.695867 
   195    109 0.640297 
   195    112 0.706434 
   195    114 0.582571 
   195    115 0.637570 
   195    120 0.580880 
   195    177 0.617895 
   195    194 0.591251 
   195    202 0.585350 
   195    221 0.623546 
   196    186 0.521943 
   197    105 0.578949 
   197    177 0.659149 
   198    202 0.694193 
   199    192 0.662874 
   200      9 0.598058 
   200    190 0.653083 
   201    178 0.591777 
   201    182 0.479679 
   202    112 0.773646 
   202    191 0.533521 
   202    195 0.585350 
   202    198 0.694193 
   203     13 0.637824 
   203    135 0.595858 
   203    136 0.749766 
   203    166 0.595983 
   203    204 0.657500 
   203    205 0.579954 
   203    240 0.643984 
   204     13 0.620700 
   204     79 0.690839 
   204    136 0.630092 
   204    203 0.657500 
   204    205 0.617043 
   204    210 0.592728 
   204    241 0.560743 
   205     48 0.665750 
   205    136 0.606599 
   205    203 0.579954 
   205    204 0.617043 
   206     12 0.525648 
   207    190 0.424018 
   208    213 0.547737 
   209     60 0.627582 
   209    210 0.628984 
   210     56 0.575166 
   210     59 0.598924 
   210     60 0.626262 
   210    204 0.592728 
   210    209 0.628984 
   210    217 0.669192 
   211     85 0.542298 
   212     59 0.696672 
   212    107 0.680089 
   212    113 0.579538 
   212    213 0.594047 
   212    215 0.582694 
   212    220 0.615931 
   213     59 0.771393 
   213    138 0.562235 
   213    208 0.547737 
   213    212 0.594047 
   213    214 0.611039 
   213    217 0.648727 
   214    107 0.622679 
   214    109 0.629191 
   214    113 0.587084 
   214    213 0.611039 
   214    220 0.604848 
   215     98 0.612410 
   215     99 0.594578 
   215    107 0.606922 
   215    109 0.677882 
   215    113 0.645392 
   215    115 0.580182 
   215    132 0.578478 
   215    212 0.582694 
   215    221 0.590062 
   216    175 0.569565 
   217     59 0.723969 
   217    122 0.619935 
   217    210 0.669192 
   217    213 0.648727 
   218    105 0.632241 
   218    189 0.514900 
   219     97 0.638556 
   220    212 0.615931 
   220    214 0.604848 
   220    261 0.520328 
   221     86 0.595752 
   221     87 0.584468 
   221     88 0.597260 
   221     89 0.695240 
   221     91 0.660792 
   221     92 0.623822 
   221     96 0.590886 
   221     97 0.598181 
   221    109 0.596034 
   221    110 0.616307 
   221    133 0.629712 
   221    194 0.609434 
   221    195 0.623546 
   221    215 0.590062 
   222    226 0.641713 
   222    234 0.373245 
   223     87 0.597970 
   223     91 0.586508 
   223    109 0.660666 
   223    234 0.632921 
   224    225 0.540162 
   225    140 0.490236 
   225    224 0.540162 
   226    222 0.641713 
   227    230 0.715038 
   227    233 0.584141 
   228    233 0.637269 
   229     43 0.518917 
   229    232 0.465389 
   230    227 0.715038 
   230    231 0.608119 
   231     57 0.466350 
   231    230 0.608119 
   232    229 0.465389 
   233    227 0.584141 
   233    228 0.637269 
   233    234 0.622168 
   234    222 0.373245 
   234    223 0.632921 
   234    233 0.622168 
   235    236 0.757441 
   235    237 0.669161 
   235    238 0.597360 
   235    240 0.779591 
   236    154 0.642351 
   236    168 0.578546 
   236    169 0.582296 
   236    235 0.757441 
   236    237 0.714624 
   236    240 0.749638 
   236    257 0.581810 
   237     68 0.591765 
   237    235 0.669161 
   237    236 0.714624 
   237    238 0.599195 
   238    235 0.597360 
   238    237 0.599195 
   239    105 0.580749 
   239    128 0.636437 
   240     14 0.589728 
   240     61 0.533215 
   240    154 0.635233 
   240    166 0.627542 
   240    203 0.643984 
   240    235 0.779591 
   240    236 0.749638 
   241      3 0.605225 
   241    204 0.560743 
   242    131 0.568092 
   243     44 0.549002 
   243    246 0.604628 
   244    254 0.481976 
   245     37 0.523060 
   245    246 0.551727 
   246     11 0.341442 
   246    243 0.604628 
   246    245 0.551727 
   247     52 0.455868 
   247    248 0.798123 
   248    247 0.798123 
   249     81 0.584891 
   249     82 0.612661 
   249    250 0.698618 
   250      8 0.558059 
   250     81 0.580962 
   250     82 0.593671 
   250    249 0.698618 
   251     13 0.611875 
   251     80 0.758026 
   251    136 0.705617 
   251    258 0.575237 
   251    263 0.594448 
   252     33 0.546490 
   253    254 0.660564 
   253    262 0.557963 
   254     80 0.578330 
   254    244 0.481976 
   254    253 0.660564 
   255    258 0.676675 
   256    263 0.579548 
   257    153 0.596831 
   257    154 0.603603 
   257    161 0.624127 
   257    168 0.583775 
   257    236 0.581810 
   258    179 0.710742 
   258    186 0.708539 
   258    187 0.622665 
   258    251 0.575237 
   258    255 0.676675 
   259    134 0.649462 
   259    135 0.597713 
   259    174 0.461473 
   260    169 0.474076 
   261    220 0.520328 
   262    253 0.557963 
   263     22 0.561585 
   263    136 0.586907 
   263    251 0.594448 
   263    256 0.579548 
   263    264 0.551332 
   264    263 0.551332 
