*vertices    264 
     1 "     1" 
     2 "     2" 
     3 "     3" 
     4 "     4" 
     5 "     5" 
     6 "     6" 
     7 "     7" 
     8 "     8" 
     9 "     9" 
    10 "    10" 
    11 "    11" 
    12 "    12" 
    13 "    13" 
    14 "    14" 
    15 "    15" 
    16 "    16" 
    17 "    17" 
    18 "    18" 
    19 "    19" 
    20 "    20" 
    21 "    21" 
    22 "    22" 
    23 "    23" 
    24 "    24" 
    25 "    25" 
    26 "    26" 
    27 "    27" 
    28 "    28" 
    29 "    29" 
    30 "    30" 
    31 "    31" 
    32 "    32" 
    33 "    33" 
    34 "    34" 
    35 "    35" 
    36 "    36" 
    37 "    37" 
    38 "    38" 
    39 "    39" 
    40 "    40" 
    41 "    41" 
    42 "    42" 
    43 "    43" 
    44 "    44" 
    45 "    45" 
    46 "    46" 
    47 "    47" 
    48 "    48" 
    49 "    49" 
    50 "    50" 
    51 "    51" 
    52 "    52" 
    53 "    53" 
    54 "    54" 
    55 "    55" 
    56 "    56" 
    57 "    57" 
    58 "    58" 
    59 "    59" 
    60 "    60" 
    61 "    61" 
    62 "    62" 
    63 "    63" 
    64 "    64" 
    65 "    65" 
    66 "    66" 
    67 "    67" 
    68 "    68" 
    69 "    69" 
    70 "    70" 
    71 "    71" 
    72 "    72" 
    73 "    73" 
    74 "    74" 
    75 "    75" 
    76 "    76" 
    77 "    77" 
    78 "    78" 
    79 "    79" 
    80 "    80" 
    81 "    81" 
    82 "    82" 
    83 "    83" 
    84 "    84" 
    85 "    85" 
    86 "    86" 
    87 "    87" 
    88 "    88" 
    89 "    89" 
    90 "    90" 
    91 "    91" 
    92 "    92" 
    93 "    93" 
    94 "    94" 
    95 "    95" 
    96 "    96" 
    97 "    97" 
    98 "    98" 
    99 "    99" 
   100 "   100" 
   101 "   101" 
   102 "   102" 
   103 "   103" 
   104 "   104" 
   105 "   105" 
   106 "   106" 
   107 "   107" 
   108 "   108" 
   109 "   109" 
   110 "   110" 
   111 "   111" 
   112 "   112" 
   113 "   113" 
   114 "   114" 
   115 "   115" 
   116 "   116" 
   117 "   117" 
   118 "   118" 
   119 "   119" 
   120 "   120" 
   121 "   121" 
   122 "   122" 
   123 "   123" 
   124 "   124" 
   125 "   125" 
   126 "   126" 
   127 "   127" 
   128 "   128" 
   129 "   129" 
   130 "   130" 
   131 "   131" 
   132 "   132" 
   133 "   133" 
   134 "   134" 
   135 "   135" 
   136 "   136" 
   137 "   137" 
   138 "   138" 
   139 "   139" 
   140 "   140" 
   141 "   141" 
   142 "   142" 
   143 "   143" 
   144 "   144" 
   145 "   145" 
   146 "   146" 
   147 "   147" 
   148 "   148" 
   149 "   149" 
   150 "   150" 
   151 "   151" 
   152 "   152" 
   153 "   153" 
   154 "   154" 
   155 "   155" 
   156 "   156" 
   157 "   157" 
   158 "   158" 
   159 "   159" 
   160 "   160" 
   161 "   161" 
   162 "   162" 
   163 "   163" 
   164 "   164" 
   165 "   165" 
   166 "   166" 
   167 "   167" 
   168 "   168" 
   169 "   169" 
   170 "   170" 
   171 "   171" 
   172 "   172" 
   173 "   173" 
   174 "   174" 
   175 "   175" 
   176 "   176" 
   177 "   177" 
   178 "   178" 
   179 "   179" 
   180 "   180" 
   181 "   181" 
   182 "   182" 
   183 "   183" 
   184 "   184" 
   185 "   185" 
   186 "   186" 
   187 "   187" 
   188 "   188" 
   189 "   189" 
   190 "   190" 
   191 "   191" 
   192 "   192" 
   193 "   193" 
   194 "   194" 
   195 "   195" 
   196 "   196" 
   197 "   197" 
   198 "   198" 
   199 "   199" 
   200 "   200" 
   201 "   201" 
   202 "   202" 
   203 "   203" 
   204 "   204" 
   205 "   205" 
   206 "   206" 
   207 "   207" 
   208 "   208" 
   209 "   209" 
   210 "   210" 
   211 "   211" 
   212 "   212" 
   213 "   213" 
   214 "   214" 
   215 "   215" 
   216 "   216" 
   217 "   217" 
   218 "   218" 
   219 "   219" 
   220 "   220" 
   221 "   221" 
   222 "   222" 
   223 "   223" 
   224 "   224" 
   225 "   225" 
   226 "   226" 
   227 "   227" 
   228 "   228" 
   229 "   229" 
   230 "   230" 
   231 "   231" 
   232 "   232" 
   233 "   233" 
   234 "   234" 
   235 "   235" 
   236 "   236" 
   237 "   237" 
   238 "   238" 
   239 "   239" 
   240 "   240" 
   241 "   241" 
   242 "   242" 
   243 "   243" 
   244 "   244" 
   245 "   245" 
   246 "   246" 
   247 "   247" 
   248 "   248" 
   249 "   249" 
   250 "   250" 
   251 "   251" 
   252 "   252" 
   253 "   253" 
   254 "   254" 
   255 "   255" 
   256 "   256" 
   257 "   257" 
   258 "   258" 
   259 "   259" 
   260 "   260" 
   261 "   261" 
   262 "   262" 
   263 "   263" 
   264 "   264" 
*edges 
     1      2 0.623226 
     1     77 0.578409 
     1    127 0.000000 
     1    140 0.718028 
     1    142 0.766225 
     1    146 0.646981 
     1    151 0.573781 
     1    154 0.604885 
     1    161 0.554119 
     1    167 0.565490 
     1    168 0.688838 
     1    170 0.609392 
     1    171 0.673284 
     1    172 0.620772 
     1    184 0.000000 
     1    185 0.000000 
     2      1 0.623226 
     2    142 0.640380 
     2    149 0.596902 
     2    151 0.586309 
     2    167 0.619325 
     2    168 0.659513 
     2    171 0.604393 
     3      5 0.644636 
     3     76 0.565480 
     3     84 0.585302 
     3    132 0.746061 
     3    182 0.794501 
     4    120 0.384108 
     5      3 0.644636 
     5     76 0.563528 
     5    132 0.576664 
     5    182 0.751257 
     6     77 0.577000 
     7     82 0.409298 
     8     11 0.593386 
     8     84 0.585972 
     9     11 0.628408 
     9    119 0.582646 
    10     11 0.519845 
    11      8 0.593386 
    11      9 0.628408 
    11     10 0.519845 
    11     84 0.603583 
    11    119 0.672757 
    12    200 0.476943 
    13     15 0.582323 
    13     18 0.724067 
    13     21 0.646047 
    13     22 0.670785 
    13     23 0.642809 
    13     30 0.631294 
    13     32 0.612847 
    13     36 0.608223 
    13     37 0.603195 
    13     38 0.584692 
    13     40 0.577354 
    13     50 0.581313 
    13    134 0.575309 
    13    136 0.772963 
    13    155 0.565000 
    13    156 0.594993 
    13    167 0.613010 
    13    177 0.599636 
    13    251 0.740583 
    13    256 0.585721 
    13    263 0.733796 
    14     26 0.492025 
    15     13 0.582323 
    15     16 0.689409 
    15     17 0.609620 
    15     20 0.560182 
    15     21 0.557661 
    15     24 0.559202 
    15     26 0.650569 
    15     30 0.568150 
    15     36 0.721189 
    15     39 0.610340 
    15     40 0.785207 
    15     41 0.631071 
    15     47 0.556505 
    15     59 0.578787 
    15     67 0.682344 
    15    136 0.630368 
    15    255 0.628631 
    15    263 0.571067 
    16     15 0.689409 
    16     26 0.580557 
    16     36 0.569901 
    16     40 0.555179 
    16     41 0.623153 
    16     51 0.611783 
    16     67 0.604677 
    16    255 0.561610 
    17     15 0.609620 
    17     18 0.580720 
    17     23 0.676191 
    17     39 0.562806 
    17     40 0.599391 
    18     13 0.724067 
    18     17 0.580720 
    18     21 0.658093 
    18     22 0.680114 
    18     23 0.765187 
    18     30 0.566330 
    18     32 0.632747 
    18     37 0.593460 
    18     38 0.614770 
    19     32 0.582641 
    19    178 0.529721 
    20     15 0.560182 
    20     26 0.676929 
    20     33 0.643015 
    20     36 0.634539 
    20     42 0.645108 
    20     45 0.554786 
    20    259 0.573193 
    21     13 0.646047 
    21     15 0.557661 
    21     18 0.658093 
    21     22 0.584910 
    21     23 0.601192 
    21     30 0.596625 
    21     36 0.651800 
    21     37 0.655826 
    21     40 0.685166 
    21    136 0.571334 
    21    251 0.662623 
    21    263 0.670452 
    22     13 0.670785 
    22     18 0.680114 
    22     21 0.584910 
    22     23 0.710968 
    22     32 0.682533 
    22     38 0.850684 
    22    251 0.582098 
    22    263 0.575970 
    23     13 0.642809 
    23     17 0.676191 
    23     18 0.765187 
    23     21 0.601192 
    23     22 0.710968 
    23     30 0.594556 
    23     32 0.643876 
    23     37 0.586078 
    23     38 0.681082 
    24     15 0.559202 
    25     30 0.560048 
    25     36 0.628555 
    25     40 0.589221 
    25    255 0.555577 
    26     14 0.492025 
    26     15 0.650569 
    26     16 0.580557 
    26     20 0.676929 
    26     36 0.717209 
    26     40 0.580943 
    26     41 0.752392 
    26     42 0.725101 
    26     44 0.613248 
    26     45 0.671714 
    26     67 0.567467 
    26     72 0.725663 
    27     32 0.626575 
    27     37 0.665662 
    28     34 0.647545 
    28     39 0.560740 
    29     54 0.557167 
    30     13 0.631294 
    30     15 0.568150 
    30     18 0.566330 
    30     21 0.596625 
    30     23 0.594556 
    30     25 0.560048 
    30     32 0.646448 
    30     36 0.642988 
    30     39 0.629104 
    30     40 0.620817 
    30    136 0.612338 
    31     35 0.548094 
    32     13 0.612847 
    32     18 0.632747 
    32     19 0.582641 
    32     22 0.682533 
    32     23 0.643876 
    32     27 0.626575 
    32     30 0.646448 
    32     36 0.575350 
    32     38 0.646274 
    33     20 0.643015 
    33    255 0.634795 
    34     28 0.647545 
    34     39 0.575239 
    35     31 0.548094 
    35     53 0.528741 
    36     13 0.608223 
    36     15 0.721189 
    36     16 0.569901 
    36     20 0.634539 
    36     21 0.651800 
    36     25 0.628555 
    36     26 0.717209 
    36     30 0.642988 
    36     32 0.575350 
    36     40 0.762978 
    36     41 0.688422 
    36     67 0.616141 
    36     72 0.560566 
    36    136 0.561740 
    36    255 0.627432 
    37     13 0.603195 
    37     18 0.593460 
    37     21 0.655826 
    37     23 0.586078 
    37     27 0.665662 
    37    136 0.559721 
    37    251 0.554871 
    38     13 0.584692 
    38     18 0.614770 
    38     22 0.850684 
    38     23 0.681082 
    38     32 0.646274 
    39     15 0.610340 
    39     17 0.562806 
    39     28 0.560740 
    39     30 0.629104 
    39     34 0.575239 
    39     40 0.570731 
    39    136 0.588447 
    40     13 0.577354 
    40     15 0.785207 
    40     16 0.555179 
    40     17 0.599391 
    40     21 0.685166 
    40     25 0.589221 
    40     26 0.580943 
    40     30 0.620817 
    40     36 0.762978 
    40     39 0.570731 
    40     48 0.622870 
    40     67 0.692048 
    40    136 0.561387 
    40    191 0.556532 
    40    251 0.575019 
    40    255 0.684373 
    40    256 0.582887 
    40    259 0.568234 
    40    263 0.588993 
    41     15 0.631071 
    41     16 0.623153 
    41     26 0.752392 
    41     36 0.688422 
    41     72 0.583516 
    41    174 0.561422 
    42     20 0.645108 
    42     26 0.725101 
    42     45 0.679147 
    42     72 0.626341 
    43     71 0.596626 
    44     26 0.613248 
    44     72 0.590095 
    45     20 0.554786 
    45     26 0.671714 
    45     42 0.679147 
    45     46 0.571060 
    45     72 0.629452 
    45    229 0.559945 
    46     45 0.571060 
    46     72 0.615900 
    47     15 0.556505 
    47     54 0.706206 
    47     97 0.617324 
    47    213 0.589106 
    48     40 0.622870 
    48    255 0.673149 
    49     53 0.559422 
    50     13 0.581313 
    50    136 0.569826 
    50    251 0.587224 
    50    263 0.635715 
    51     16 0.611783 
    52     56 0.570845 
    52     60 0.565364 
    52    139 0.567158 
    53     35 0.528741 
    53     49 0.559422 
    53    138 0.700999 
    54     29 0.557167 
    54     47 0.706206 
    54     97 0.596562 
    54    189 0.427868 
    54    193 0.590881 
    54    202 0.601215 
    54    213 0.656184 
    55     70 0.575396 
    55    208 0.565346 
    56     52 0.570845 
    56     58 0.575126 
    56     60 0.563899 
    56    211 0.511740 
    57     60 0.598411 
    57    208 0.587879 
    57    227 0.571825 
    57    232 0.652547 
    57    242 0.592661 
    58     56 0.575126 
    59     15 0.578787 
    59    201 0.536508 
    59    212 0.692786 
    59    213 0.650637 
    59    215 0.620694 
    59    216 0.602082 
    59    217 0.727375 
    59    219 0.569982 
    60     52 0.565364 
    60     56 0.563899 
    60     57 0.598411 
    60    231 0.617503 
    61     63 0.563587 
    61     67 0.580570 
    62     65 0.548083 
    63     61 0.563587 
    63     64 0.585469 
    63     65 0.667989 
    63     66 0.705250 
    63    160 0.563946 
    63    225 0.555807 
    63    238 0.629949 
    64     63 0.585469 
    64     66 0.553946 
    64     68 0.577004 
    64     69 0.590010 
    65     62 0.548083 
    65     63 0.667989 
    65     66 0.594298 
    65    237 0.687971 
    65    238 0.581072 
    66     63 0.705250 
    66     64 0.553946 
    66     65 0.594298 
    66    237 0.592928 
    66    238 0.625281 
    67     15 0.682344 
    67     16 0.604677 
    67     26 0.567467 
    67     36 0.616141 
    67     40 0.692048 
    67     61 0.580570 
    67     70 0.572360 
    67     71 0.542836 
    67    229 0.562450 
    67    255 0.555499 
    68     64 0.577004 
    68     70 0.558473 
    69     64 0.590010 
    70     55 0.575396 
    70     67 0.572360 
    70     68 0.558473 
    71     43 0.596626 
    71     67 0.542836 
    72     26 0.725663 
    72     36 0.560566 
    72     41 0.583516 
    72     42 0.626341 
    72     44 0.590095 
    72     45 0.629452 
    72     46 0.615900 
    73    232 0.553184 
    74     77 0.634615 
    74     80 0.701422 
    74     90 0.699213 
    74     95 0.626143 
    74    134 0.639532 
    75     78 0.512167 
    75    109 0.451540 
    76      3 0.565480 
    76      5 0.563528 
    76    110 0.563506 
    76    132 0.609677 
    76    137 0.535150 
    76    182 0.605993 
    77      1 0.578409 
    77      6 0.577000 
    77     74 0.634615 
    77     80 0.568992 
    77     91 0.590890 
    77     95 0.563991 
    77    133 0.575155 
    77    134 0.557844 
    77    136 0.644541 
    77    140 0.664988 
    77    142 0.621377 
    77    143 0.604228 
    77    146 0.580827 
    77    160 0.603184 
    77    167 0.651864 
    77    169 0.572763 
    77    170 0.561732 
    77    245 0.575693 
    77    263 0.563056 
    78     75 0.512167 
    79     88 0.612809 
    79     90 0.623123 
    79    116 0.392676 
    79    252 0.598528 
    80     74 0.701422 
    80     77 0.568992 
    80     88 0.587779 
    80     90 0.657780 
    80    133 0.591267 
    80    134 0.608137 
    81     82 0.683749 
    81    123 0.624936 
    82      7 0.409298 
    82     81 0.683749 
    82    123 0.627842 
    82    128 0.561501 
    82    226 0.509407 
    83    120 0.474831 
    84      3 0.585302 
    84      8 0.585972 
    84     11 0.603583 
    84    118 0.616744 
    84    129 0.532421 
    84    132 0.579266 
    85    132 0.523748 
    86     94 0.680856 
    86     96 0.639303 
    86    133 0.600237 
    86    134 0.617356 
    86    135 0.575108 
    86    136 0.588311 
    86    163 0.606585 
    86    166 0.556426 
    86    192 0.627921 
    86    194 0.676138 
    86    260 0.668522 
    87     92 0.562796 
    87    133 0.580173 
    87    260 0.618466 
    88     79 0.612809 
    88     80 0.587779 
    88     90 0.652912 
    88     92 0.574213 
    88    252 0.570550 
    89     92 0.646045 
    89     96 0.595769 
    89    130 0.581557 
    89    133 0.587100 
    89    134 0.670774 
    89    136 0.560273 
    90     74 0.699213 
    90     79 0.623123 
    90     80 0.657780 
    90     88 0.652912 
    90     95 0.609328 
    91     77 0.590890 
    92     87 0.562796 
    92     88 0.574213 
    92     89 0.646045 
    92    133 0.638574 
    92    194 0.598158 
    93     94 0.645529 
    93    135 0.653560 
    93    159 0.672718 
    93    163 0.730180 
    93    166 0.655342 
    93    221 0.669943 
    94     86 0.680856 
    94     93 0.645529 
    94     96 0.671528 
    94    133 0.679617 
    94    134 0.689429 
    94    135 0.637216 
    94    136 0.779825 
    94    159 0.646998 
    94    163 0.656303 
    94    166 0.694920 
    94    192 0.569434 
    94    212 0.580617 
    94    221 0.714217 
    94    263 0.590504 
    95     74 0.626143 
    95     77 0.563991 
    95     90 0.609328 
    95    160 0.558979 
    96     86 0.639303 
    96     89 0.595769 
    96     94 0.671528 
    96    101 0.575080 
    96    130 0.622337 
    96    133 0.637387 
    96    134 0.605462 
    96    136 0.610000 
    96    163 0.602029 
    96    166 0.567063 
    96    190 0.663083 
    96    192 0.739441 
    96    194 0.689916 
    96    196 0.501574 
    96    205 0.555940 
    96    216 0.642757 
    97     47 0.617324 
    97     54 0.596562 
    97     99 0.583170 
    97    100 0.632412 
    97    101 0.605485 
    97    112 0.605287 
    97    193 0.568526 
    97    202 0.608820 
    97    213 0.593408 
    98     99 0.704979 
    98    121 0.567269 
    99     97 0.583170 
    99     98 0.704979 
    99    121 0.621732 
    99    138 0.567817 
   100     97 0.632412 
   101     96 0.575080 
   101     97 0.605485 
   101    104 0.657391 
   101    112 0.788550 
   101    202 0.808000 
   101    213 0.709017 
   101    216 0.755258 
   101    219 0.683967 
   102    103 0.808925 
   102    104 0.751029 
   103    102 0.808925 
   103    104 0.761543 
   104    101 0.657391 
   104    102 0.751029 
   104    103 0.761543 
   104    112 0.628259 
   104    219 0.636313 
   105    106 0.712876 
   105    113 0.691975 
   105    115 0.600727 
   105    218 0.623761 
   106    105 0.712876 
   106    114 0.651379 
   106    115 0.613725 
   107    108 0.585668 
   107    109 0.726884 
   107    110 0.693758 
   108    107 0.585668 
   108    111 0.546561 
   109     75 0.451540 
   109    107 0.726884 
   109    110 0.764287 
   109    208 0.556223 
   110     76 0.563506 
   110    107 0.693758 
   110    109 0.764287 
   110    208 0.603053 
   111    108 0.546561 
   112     97 0.605287 
   112    101 0.788550 
   112    104 0.628259 
   112    202 0.779195 
   112    213 0.698938 
   112    214 0.633963 
   112    215 0.596196 
   112    216 0.809968 
   112    219 0.727850 
   113    105 0.691975 
   113    115 0.568067 
   113    122 0.581732 
   114    106 0.651379 
   114    115 0.645569 
   115    105 0.600727 
   115    106 0.613725 
   115    113 0.568067 
   115    114 0.645569 
   115    215 0.616212 
   116     79 0.392676 
   117    248 0.473859 
   118     84 0.616744 
   118    131 0.574337 
   119      9 0.582646 
   119     11 0.672757 
   120      4 0.384108 
   120     83 0.474831 
   120    179 0.606286 
   121     98 0.567269 
   121     99 0.621732 
   122    113 0.581732 
   122    212 0.641189 
   122    215 0.649282 
   122    217 0.561363 
   123     81 0.624936 
   123     82 0.627842 
   123    128 0.565611 
   123    132 0.539451 
   123    249 0.477814 
   124    125 0.625351 
   124    126 0.600000 
   124    143 0.555532 
   125    124 0.625351 
   125    143 0.619416 
   126    124 0.600000 
   126    244 0.550831 
   126    246 0.560817 
   127      1 0.000000 
   128     82 0.561501 
   128    123 0.565611 
   129     84 0.532421 
   129    250 0.592730 
   130     89 0.581557 
   130     96 0.622337 
   130    190 0.613294 
   130    192 0.606184 
   131    118 0.574337 
   131    252 0.582442 
   132      3 0.746061 
   132      5 0.576664 
   132     76 0.609677 
   132     84 0.579266 
   132     85 0.523748 
   132    123 0.539451 
   132    182 0.755553 
   133     77 0.575155 
   133     80 0.591267 
   133     86 0.600237 
   133     87 0.580173 
   133     89 0.587100 
   133     92 0.638574 
   133     94 0.679617 
   133     96 0.637387 
   133    134 0.628103 
   133    136 0.567577 
   133    163 0.557651 
   133    194 0.601889 
   133    223 0.591084 
   134     13 0.575309 
   134     74 0.639532 
   134     77 0.557844 
   134     80 0.608137 
   134     86 0.617356 
   134     89 0.670774 
   134     94 0.689429 
   134     96 0.605462 
   134    133 0.628103 
   134    135 0.660985 
   134    136 0.722772 
   134    156 0.556080 
   134    163 0.605861 
   134    166 0.566659 
   134    167 0.582125 
   134    191 0.556355 
   134    195 0.587942 
   134    251 0.641638 
   134    256 0.568290 
   134    260 0.681828 
   134    263 0.612408 
   135     86 0.575108 
   135     93 0.653560 
   135     94 0.637216 
   135    134 0.660985 
   135    136 0.620255 
   135    159 0.678720 
   135    163 0.690223 
   135    166 0.706167 
   135    195 0.586330 
   135    199 0.619563 
   135    260 0.593168 
   136     13 0.772963 
   136     15 0.630368 
   136     21 0.571334 
   136     30 0.612338 
   136     36 0.561740 
   136     37 0.559721 
   136     39 0.588447 
   136     40 0.561387 
   136     50 0.569826 
   136     77 0.644541 
   136     86 0.588311 
   136     89 0.560273 
   136     94 0.779825 
   136     96 0.610000 
   136    133 0.567577 
   136    134 0.722772 
   136    135 0.620255 
   136    155 0.571691 
   136    156 0.649804 
   136    159 0.554215 
   136    166 0.644807 
   136    167 0.688005 
   136    177 0.618308 
   136    190 0.571057 
   136    191 0.577580 
   136    192 0.604022 
   136    195 0.556855 
   136    203 0.586254 
   136    212 0.565350 
   136    251 0.698322 
   136    256 0.640007 
   136    260 0.558037 
   136    263 0.682563 
   137     76 0.535150 
   138     53 0.700999 
   138     99 0.567817 
   139     52 0.567158 
   140      1 0.718028 
   140     77 0.664988 
   140    142 0.863524 
   140    143 0.557914 
   140    146 0.689459 
   140    148 0.568343 
   140    154 0.568093 
   140    168 0.588213 
   140    170 0.682346 
   140    171 0.593029 
   140    172 0.609927 
   140    245 0.555636 
   141    161 0.567042 
   142      1 0.766225 
   142      2 0.640380 
   142     77 0.621377 
   142    140 0.863524 
   142    143 0.590502 
   142    145 0.615779 
   142    146 0.789819 
   142    148 0.667414 
   142    149 0.583823 
   142    151 0.594012 
   142    152 0.627119 
   142    154 0.562203 
   142    160 0.607788 
   142    167 0.650191 
   142    168 0.634613 
   142    169 0.561381 
   142    170 0.765181 
   142    171 0.647170 
   142    172 0.606058 
   143     77 0.604228 
   143    124 0.555532 
   143    125 0.619416 
   143    140 0.557914 
   143    142 0.590502 
   143    151 0.557695 
   143    160 0.644231 
   143    167 0.589982 
   143    168 0.564523 
   143    243 0.578712 
   143    245 0.597714 
   143    246 0.644520 
   144    145 0.558550 
   144    152 0.595683 
   144    162 0.609183 
   144    169 0.586447 
   145    142 0.615779 
   145    144 0.558550 
   145    146 0.667734 
   145    148 0.671268 
   145    152 0.761870 
   145    160 0.615454 
   145    167 0.575848 
   145    169 0.599852 
   145    170 0.705665 
   146      1 0.646981 
   146     77 0.580827 
   146    140 0.689459 
   146    142 0.789819 
   146    145 0.667734 
   146    148 0.673724 
   146    149 0.600969 
   146    152 0.682507 
   146    160 0.610000 
   146    167 0.646134 
   146    169 0.597168 
   146    170 0.796234 
   146    171 0.580898 
   147    149 0.593719 
   147    155 0.569909 
   147    167 0.572281 
   148    140 0.568343 
   148    142 0.667414 
   148    145 0.671268 
   148    146 0.673724 
   148    149 0.593073 
   148    151 0.639982 
   148    152 0.704769 
   148    160 0.664150 
   148    167 0.583586 
   148    168 0.576606 
   148    170 0.703897 
   148    171 0.569272 
   148    183 0.558632 
   149      2 0.596902 
   149    142 0.583823 
   149    146 0.600969 
   149    147 0.593719 
   149    148 0.593073 
   149    151 0.640274 
   149    152 0.608253 
   149    155 0.835317 
   149    156 0.717613 
   149    160 0.621802 
   149    162 0.762941 
   149    167 0.841105 
   149    168 0.678595 
   149    169 0.728192 
   149    170 0.616793 
   149    171 0.685599 
   149    187 0.507149 
   149    256 0.576565 
   150    161 0.561208 
   150    243 0.626768 
   150    257 0.551683 
   151      1 0.573781 
   151      2 0.586309 
   151    142 0.594012 
   151    143 0.557695 
   151    148 0.639982 
   151    149 0.640274 
   151    152 0.580930 
   151    154 0.597797 
   151    158 0.587636 
   151    160 0.592388 
   151    161 0.602952 
   151    167 0.599134 
   151    168 0.669428 
   151    170 0.583598 
   151    171 0.636822 
   151    172 0.664949 
   151    173 0.557786 
   151    183 0.767429 
   151    243 0.573424 
   152    142 0.627119 
   152    144 0.595683 
   152    145 0.761870 
   152    146 0.682507 
   152    148 0.704769 
   152    149 0.608253 
   152    151 0.580930 
   152    160 0.784563 
   152    167 0.663213 
   152    168 0.569898 
   152    169 0.586233 
   152    170 0.747414 
   153    154 0.588575 
   153    168 0.616193 
   154      1 0.604885 
   154    140 0.568093 
   154    142 0.562203 
   154    151 0.597797 
   154    153 0.588575 
   154    158 0.563595 
   154    161 0.585142 
   154    164 0.650530 
   154    168 0.681282 
   154    171 0.635347 
   154    172 0.627919 
   155     13 0.565000 
   155    136 0.571691 
   155    147 0.569909 
   155    149 0.835317 
   155    156 0.761302 
   155    162 0.710219 
   155    167 0.831442 
   155    168 0.618820 
   155    169 0.621102 
   155    256 0.640388 
   156     13 0.594993 
   156    134 0.556080 
   156    136 0.649804 
   156    149 0.717613 
   156    155 0.761302 
   156    162 0.627902 
   156    167 0.756970 
   156    169 0.630798 
   156    251 0.622720 
   156    256 0.653003 
   157    162 0.541087 
   158    151 0.587636 
   158    154 0.563595 
   158    172 0.597201 
   159     93 0.672718 
   159     94 0.646998 
   159    135 0.678720 
   159    136 0.554215 
   159    163 0.759487 
   159    166 0.825246 
   159    221 0.654716 
   160     63 0.563946 
   160     77 0.603184 
   160     95 0.558979 
   160    142 0.607788 
   160    143 0.644231 
   160    145 0.615454 
   160    146 0.610000 
   160    148 0.664150 
   160    149 0.621802 
   160    151 0.592388 
   160    152 0.784563 
   160    167 0.629930 
   160    168 0.574881 
   160    169 0.607145 
   160    170 0.649734 
   161      1 0.554119 
   161    141 0.567042 
   161    150 0.561208 
   161    151 0.602952 
   161    154 0.585142 
   161    165 0.540232 
   161    172 0.653568 
   161    243 0.624693 
   161    262 0.604574 
   162    144 0.609183 
   162    149 0.762941 
   162    155 0.710219 
   162    156 0.627902 
   162    157 0.541087 
   162    167 0.713706 
   162    169 0.613850 
   162    256 0.614489 
   163     86 0.606585 
   163     93 0.730180 
   163     94 0.656303 
   163     96 0.602029 
   163    133 0.557651 
   163    134 0.605861 
   163    135 0.690223 
   163    159 0.759487 
   163    166 0.752644 
   163    194 0.603753 
   163    221 0.647330 
   164    154 0.650530 
   164    168 0.585657 
   164    171 0.636806 
   165    161 0.540232 
   166     86 0.556426 
   166     93 0.655342 
   166     94 0.694920 
   166     96 0.567063 
   166    134 0.566659 
   166    135 0.706167 
   166    136 0.644807 
   166    159 0.825246 
   166    163 0.752644 
   166    221 0.660094 
   167      1 0.565490 
   167      2 0.619325 
   167     13 0.613010 
   167     77 0.651864 
   167    134 0.582125 
   167    136 0.688005 
   167    142 0.650191 
   167    143 0.589982 
   167    145 0.575848 
   167    146 0.646134 
   167    147 0.572281 
   167    148 0.583586 
   167    149 0.841105 
   167    151 0.599134 
   167    152 0.663213 
   167    155 0.831442 
   167    156 0.756970 
   167    160 0.629930 
   167    162 0.713706 
   167    168 0.692160 
   167    169 0.738378 
   167    170 0.666379 
   167    171 0.605013 
   167    251 0.557172 
   167    256 0.629504 
   168      1 0.688838 
   168      2 0.659513 
   168    140 0.588213 
   168    142 0.634613 
   168    143 0.564523 
   168    148 0.576606 
   168    149 0.678595 
   168    151 0.669428 
   168    152 0.569898 
   168    153 0.616193 
   168    154 0.681282 
   168    155 0.618820 
   168    160 0.574881 
   168    164 0.585657 
   168    167 0.692160 
   168    169 0.562918 
   168    170 0.575601 
   168    171 0.744240 
   168    172 0.584588 
   168    183 0.571397 
   169     77 0.572763 
   169    142 0.561381 
   169    144 0.586447 
   169    145 0.599852 
   169    146 0.597168 
   169    149 0.728192 
   169    152 0.586233 
   169    155 0.621102 
   169    156 0.630798 
   169    160 0.607145 
   169    162 0.613850 
   169    167 0.738378 
   169    168 0.562918 
   169    170 0.566177 
   170      1 0.609392 
   170     77 0.561732 
   170    140 0.682346 
   170    142 0.765181 
   170    145 0.705665 
   170    146 0.796234 
   170    148 0.703897 
   170    149 0.616793 
   170    151 0.583598 
   170    152 0.747414 
   170    160 0.649734 
   170    167 0.666379 
   170    168 0.575601 
   170    169 0.566177 
   170    171 0.574573 
   171      1 0.673284 
   171      2 0.604393 
   171    140 0.593029 
   171    142 0.647170 
   171    146 0.580898 
   171    148 0.569272 
   171    149 0.685599 
   171    151 0.636822 
   171    154 0.635347 
   171    164 0.636806 
   171    167 0.605013 
   171    168 0.744240 
   171    170 0.574573 
   171    172 0.566596 
   172      1 0.620772 
   172    140 0.609927 
   172    142 0.606058 
   172    151 0.664949 
   172    154 0.627919 
   172    158 0.597201 
   172    161 0.653568 
   172    168 0.584588 
   172    171 0.566596 
   172    173 0.578886 
   172    183 0.588391 
   173    151 0.557786 
   173    172 0.578886 
   174     41 0.561422 
   174    261 0.616631 
   175    201 0.632419 
   175    206 0.418325 
   176    252 0.471060 
   177     13 0.599636 
   177    136 0.618308 
   177    191 0.575399 
   177    195 0.827444 
   177    260 0.573159 
   177    263 0.635282 
   178     19 0.529721 
   179    120 0.606286 
   179    252 0.548485 
   180    181 0.369653 
   181    180 0.369653 
   181    200 0.581345 
   182      3 0.794501 
   182      5 0.751257 
   182     76 0.605993 
   182    132 0.755553 
   183    148 0.558632 
   183    151 0.767429 
   183    168 0.571397 
   183    172 0.588391 
   183    243 0.560219 
   184      1 0.000000 
   185      1 0.000000 
   186    205 0.556744 
   186    216 0.583551 
   187    149 0.507149 
   188    201 0.567413 
   189     54 0.427868 
   190     96 0.663083 
   190    130 0.613294 
   190    136 0.571057 
   190    192 0.791961 
   190    194 0.605914 
   190    199 0.643639 
   191     40 0.556532 
   191    134 0.556355 
   191    136 0.577580 
   191    177 0.575399 
   191    195 0.641049 
   191    256 0.653850 
   191    259 0.632050 
   191    260 0.556334 
   191    263 0.556742 
   192     86 0.627921 
   192     94 0.569434 
   192     96 0.739441 
   192    130 0.606184 
   192    136 0.604022 
   192    190 0.791961 
   192    194 0.796834 
   192    199 0.558961 
   192    200 0.582780 
   192    205 0.649471 
   192    216 0.574373 
   193     54 0.590881 
   193     97 0.568526 
   194     86 0.676138 
   194     92 0.598158 
   194     96 0.689916 
   194    133 0.601889 
   194    163 0.603753 
   194    190 0.605914 
   194    192 0.796834 
   194    205 0.588721 
   194    260 0.653420 
   195    134 0.587942 
   195    135 0.586330 
   195    136 0.556855 
   195    177 0.827444 
   195    191 0.641049 
   195    199 0.615531 
   195    204 0.559877 
   195    256 0.563562 
   195    260 0.627031 
   195    263 0.646448 
   196     96 0.501574 
   197    198 0.641367 
   197    200 0.584042 
   197    220 0.526324 
   198    197 0.641367 
   198    200 0.633898 
   198    208 0.590705 
   199    135 0.619563 
   199    190 0.643639 
   199    192 0.558961 
   199    195 0.615531 
   199    256 0.569728 
   200     12 0.476943 
   200    181 0.581345 
   200    192 0.582780 
   200    197 0.584042 
   200    198 0.633898 
   201     59 0.536508 
   201    175 0.632419 
   201    188 0.567413 
   202     54 0.601215 
   202     97 0.608820 
   202    101 0.808000 
   202    112 0.779195 
   202    213 0.809075 
   202    216 0.796792 
   202    219 0.575944 
   203    136 0.586254 
   204    195 0.559877 
   205     96 0.555940 
   205    186 0.556744 
   205    192 0.649471 
   205    194 0.588721 
   205    264 0.466478 
   206    175 0.418325 
   207    209 0.471062 
   208     55 0.565346 
   208     57 0.587879 
   208    109 0.556223 
   208    110 0.603053 
   208    198 0.590705 
   208    209 0.657367 
   208    210 0.599984 
   209    207 0.471062 
   209    208 0.657367 
   210    208 0.599984 
   211     56 0.511740 
   212     59 0.692786 
   212     94 0.580617 
   212    122 0.641189 
   212    136 0.565350 
   212    215 0.630646 
   212    217 0.679437 
   212    239 0.509226 
   213     47 0.589106 
   213     54 0.656184 
   213     59 0.650637 
   213     97 0.593408 
   213    101 0.709017 
   213    112 0.698938 
   213    202 0.809075 
   213    216 0.787360 
   213    219 0.594784 
   214    112 0.633963 
   214    215 0.583668 
   214    217 0.563342 
   214    219 0.595164 
   215     59 0.620694 
   215    112 0.596196 
   215    115 0.616212 
   215    122 0.649282 
   215    212 0.630646 
   215    214 0.583668 
   215    216 0.592124 
   215    217 0.658589 
   215    219 0.662896 
   216     59 0.602082 
   216     96 0.642757 
   216    101 0.755258 
   216    112 0.809968 
   216    186 0.583551 
   216    192 0.574373 
   216    202 0.796792 
   216    213 0.787360 
   216    215 0.592124 
   216    219 0.698294 
   217     59 0.727375 
   217    122 0.561363 
   217    212 0.679437 
   217    214 0.563342 
   217    215 0.658589 
   218    105 0.623761 
   219     59 0.569982 
   219    101 0.683967 
   219    104 0.636313 
   219    112 0.727850 
   219    202 0.575944 
   219    213 0.594784 
   219    214 0.595164 
   219    215 0.662896 
   219    216 0.698294 
   220    197 0.526324 
   221     93 0.669943 
   221     94 0.714217 
   221    159 0.654716 
   221    163 0.647330 
   221    166 0.660094 
   222    226 0.637079 
   223    133 0.591084 
   224    225 0.763454 
   225     63 0.555807 
   225    224 0.763454 
   225    229 0.597098 
   226     82 0.509407 
   226    222 0.637079 
   227     57 0.571825 
   227    230 0.771224 
   227    232 0.615911 
   228    230 0.591116 
   228    233 0.783155 
   229     45 0.559945 
   229     67 0.562450 
   229    225 0.597098 
   229    231 0.572071 
   229    232 0.654107 
   230    227 0.771224 
   230    228 0.591116 
   230    233 0.654822 
   231     60 0.617503 
   231    229 0.572071 
   231    232 0.618917 
   232     57 0.652547 
   232     73 0.553184 
   232    227 0.615911 
   232    229 0.654107 
   232    231 0.618917 
   233    228 0.783155 
   233    230 0.654822 
   233    234 0.636038 
   234    233 0.636038 
   235    240 0.715463 
   236    252 0.581989 
   237     65 0.687971 
   237     66 0.592928 
   237    240 0.524593 
   238     63 0.629949 
   238     65 0.581072 
   238     66 0.625281 
   239    212 0.509226 
   240    235 0.715463 
   240    237 0.524593 
   241    242 0.553737 
   242     57 0.592661 
   242    241 0.553737 
   243    143 0.578712 
   243    150 0.626768 
   243    151 0.573424 
   243    161 0.624693 
   243    183 0.560219 
   243    245 0.658189 
   243    246 0.696947 
   243    262 0.611324 
   244    126 0.550831 
   245     77 0.575693 
   245    140 0.555636 
   245    143 0.597714 
   245    243 0.658189 
   245    246 0.689881 
   246    126 0.560817 
   246    143 0.644520 
   246    243 0.696947 
   246    245 0.689881 
   246    262 0.566880 
   247    250 0.405734 
   248    117 0.473859 
   248    250 0.550389 
   249    123 0.477814 
   250    129 0.592730 
   250    247 0.405734 
   250    248 0.550389 
   251     13 0.740583 
   251     21 0.662623 
   251     22 0.582098 
   251     37 0.554871 
   251     40 0.575019 
   251     50 0.587224 
   251    134 0.641638 
   251    136 0.698322 
   251    156 0.622720 
   251    167 0.557172 
   251    256 0.623135 
   251    258 0.754386 
   251    263 0.852441 
   252     79 0.598528 
   252     88 0.570550 
   252    131 0.582442 
   252    176 0.471060 
   252    179 0.548485 
   252    236 0.581989 
   252    253 0.512763 
   253    252 0.512763 
   253    254 0.497080 
   254    253 0.497080 
   255     15 0.628631 
   255     16 0.561610 
   255     25 0.555577 
   255     33 0.634795 
   255     36 0.627432 
   255     40 0.684373 
   255     48 0.673149 
   255     67 0.555499 
   255    256 0.555478 
   255    259 0.623212 
   256     13 0.585721 
   256     40 0.582887 
   256    134 0.568290 
   256    136 0.640007 
   256    149 0.576565 
   256    155 0.640388 
   256    156 0.653003 
   256    162 0.614489 
   256    167 0.629504 
   256    191 0.653850 
   256    195 0.563562 
   256    199 0.569728 
   256    251 0.623135 
   256    255 0.555478 
   256    258 0.608300 
   256    260 0.598627 
   257    150 0.551683 
   258    251 0.754386 
   258    256 0.608300 
   258    263 0.635471 
   259     20 0.573193 
   259     40 0.568234 
   259    191 0.632050 
   259    255 0.623212 
   260     86 0.668522 
   260     87 0.618466 
   260    134 0.681828 
   260    135 0.593168 
   260    136 0.558037 
   260    177 0.573159 
   260    191 0.556334 
   260    194 0.653420 
   260    195 0.627031 
   260    256 0.598627 
   261    174 0.616631 
   262    161 0.604574 
   262    243 0.611324 
   262    246 0.566880 
   263     13 0.733796 
   263     15 0.571067 
   263     21 0.670452 
   263     22 0.575970 
   263     40 0.588993 
   263     50 0.635715 
   263     77 0.563056 
   263     94 0.590504 
   263    134 0.612408 
   263    136 0.682563 
   263    177 0.635282 
   263    191 0.556742 
   263    195 0.646448 
   263    251 0.852441 
   263    258 0.635471 
   264    205 0.466478 
