*vertices    264 
     1 "     1" 
     2 "     2" 
     3 "     3" 
     4 "     4" 
     5 "     5" 
     6 "     6" 
     7 "     7" 
     8 "     8" 
     9 "     9" 
    10 "    10" 
    11 "    11" 
    12 "    12" 
    13 "    13" 
    14 "    14" 
    15 "    15" 
    16 "    16" 
    17 "    17" 
    18 "    18" 
    19 "    19" 
    20 "    20" 
    21 "    21" 
    22 "    22" 
    23 "    23" 
    24 "    24" 
    25 "    25" 
    26 "    26" 
    27 "    27" 
    28 "    28" 
    29 "    29" 
    30 "    30" 
    31 "    31" 
    32 "    32" 
    33 "    33" 
    34 "    34" 
    35 "    35" 
    36 "    36" 
    37 "    37" 
    38 "    38" 
    39 "    39" 
    40 "    40" 
    41 "    41" 
    42 "    42" 
    43 "    43" 
    44 "    44" 
    45 "    45" 
    46 "    46" 
    47 "    47" 
    48 "    48" 
    49 "    49" 
    50 "    50" 
    51 "    51" 
    52 "    52" 
    53 "    53" 
    54 "    54" 
    55 "    55" 
    56 "    56" 
    57 "    57" 
    58 "    58" 
    59 "    59" 
    60 "    60" 
    61 "    61" 
    62 "    62" 
    63 "    63" 
    64 "    64" 
    65 "    65" 
    66 "    66" 
    67 "    67" 
    68 "    68" 
    69 "    69" 
    70 "    70" 
    71 "    71" 
    72 "    72" 
    73 "    73" 
    74 "    74" 
    75 "    75" 
    76 "    76" 
    77 "    77" 
    78 "    78" 
    79 "    79" 
    80 "    80" 
    81 "    81" 
    82 "    82" 
    83 "    83" 
    84 "    84" 
    85 "    85" 
    86 "    86" 
    87 "    87" 
    88 "    88" 
    89 "    89" 
    90 "    90" 
    91 "    91" 
    92 "    92" 
    93 "    93" 
    94 "    94" 
    95 "    95" 
    96 "    96" 
    97 "    97" 
    98 "    98" 
    99 "    99" 
   100 "   100" 
   101 "   101" 
   102 "   102" 
   103 "   103" 
   104 "   104" 
   105 "   105" 
   106 "   106" 
   107 "   107" 
   108 "   108" 
   109 "   109" 
   110 "   110" 
   111 "   111" 
   112 "   112" 
   113 "   113" 
   114 "   114" 
   115 "   115" 
   116 "   116" 
   117 "   117" 
   118 "   118" 
   119 "   119" 
   120 "   120" 
   121 "   121" 
   122 "   122" 
   123 "   123" 
   124 "   124" 
   125 "   125" 
   126 "   126" 
   127 "   127" 
   128 "   128" 
   129 "   129" 
   130 "   130" 
   131 "   131" 
   132 "   132" 
   133 "   133" 
   134 "   134" 
   135 "   135" 
   136 "   136" 
   137 "   137" 
   138 "   138" 
   139 "   139" 
   140 "   140" 
   141 "   141" 
   142 "   142" 
   143 "   143" 
   144 "   144" 
   145 "   145" 
   146 "   146" 
   147 "   147" 
   148 "   148" 
   149 "   149" 
   150 "   150" 
   151 "   151" 
   152 "   152" 
   153 "   153" 
   154 "   154" 
   155 "   155" 
   156 "   156" 
   157 "   157" 
   158 "   158" 
   159 "   159" 
   160 "   160" 
   161 "   161" 
   162 "   162" 
   163 "   163" 
   164 "   164" 
   165 "   165" 
   166 "   166" 
   167 "   167" 
   168 "   168" 
   169 "   169" 
   170 "   170" 
   171 "   171" 
   172 "   172" 
   173 "   173" 
   174 "   174" 
   175 "   175" 
   176 "   176" 
   177 "   177" 
   178 "   178" 
   179 "   179" 
   180 "   180" 
   181 "   181" 
   182 "   182" 
   183 "   183" 
   184 "   184" 
   185 "   185" 
   186 "   186" 
   187 "   187" 
   188 "   188" 
   189 "   189" 
   190 "   190" 
   191 "   191" 
   192 "   192" 
   193 "   193" 
   194 "   194" 
   195 "   195" 
   196 "   196" 
   197 "   197" 
   198 "   198" 
   199 "   199" 
   200 "   200" 
   201 "   201" 
   202 "   202" 
   203 "   203" 
   204 "   204" 
   205 "   205" 
   206 "   206" 
   207 "   207" 
   208 "   208" 
   209 "   209" 
   210 "   210" 
   211 "   211" 
   212 "   212" 
   213 "   213" 
   214 "   214" 
   215 "   215" 
   216 "   216" 
   217 "   217" 
   218 "   218" 
   219 "   219" 
   220 "   220" 
   221 "   221" 
   222 "   222" 
   223 "   223" 
   224 "   224" 
   225 "   225" 
   226 "   226" 
   227 "   227" 
   228 "   228" 
   229 "   229" 
   230 "   230" 
   231 "   231" 
   232 "   232" 
   233 "   233" 
   234 "   234" 
   235 "   235" 
   236 "   236" 
   237 "   237" 
   238 "   238" 
   239 "   239" 
   240 "   240" 
   241 "   241" 
   242 "   242" 
   243 "   243" 
   244 "   244" 
   245 "   245" 
   246 "   246" 
   247 "   247" 
   248 "   248" 
   249 "   249" 
   250 "   250" 
   251 "   251" 
   252 "   252" 
   253 "   253" 
   254 "   254" 
   255 "   255" 
   256 "   256" 
   257 "   257" 
   258 "   258" 
   259 "   259" 
   260 "   260" 
   261 "   261" 
   262 "   262" 
   263 "   263" 
   264 "   264" 
*edges 
     1      2 0.476455 
     1    142 0.456595 
     1    184 0.000000 
     2      1 0.476455 
     2    141 0.263185 
     2    168 0.536732 
     2    172 0.511996 
     3    176 0.599693 
     3    182 0.639323 
     3    191 0.507264 
     3    198 0.512115 
     4     82 0.248748 
     5      9 0.509260 
     5    116 0.495492 
     6      7 0.389340 
     6     77 0.450765 
     6     88 0.474121 
     7      6 0.389340 
     8    244 0.355534 
     9      5 0.509260 
     9    116 0.534664 
    10    247 0.418580 
    11    116 0.524115 
    12    176 0.491473 
    12    198 0.554844 
    13     50 0.622731 
    13     74 0.491151 
    13     94 0.524983 
    13    126 0.483095 
    13    130 0.510795 
    13    136 0.599572 
    13    177 0.644714 
    13    201 0.577404 
    13    203 0.611608 
    13    204 0.522537 
    13    214 0.489496 
    13    251 0.500365 
    13    263 0.646901 
    14    187 0.252048 
    15     16 0.517139 
    15     30 0.561715 
    15     32 0.486844 
    15     39 0.518197 
    15     40 0.520364 
    15     65 0.488032 
    15    213 0.496073 
    15    258 0.532455 
    16     15 0.517139 
    16     30 0.543492 
    16     32 0.530502 
    16     40 0.543047 
    16     47 0.566947 
    16     54 0.486305 
    17     31 0.550517 
    17     35 0.540899 
    18     19 0.589294 
    18     31 0.502836 
    18     35 0.590607 
    18     39 0.550009 
    18     51 0.366353 
    19     18 0.589294 
    20     24 0.599315 
    20     36 0.491109 
    20     37 0.560107 
    20    255 0.566890 
    21     24 0.501020 
    21     25 0.573102 
    21     26 0.495627 
    21     27 0.537463 
    21     29 0.554422 
    21     30 0.576556 
    21     32 0.506775 
    21     36 0.550402 
    21     38 0.486202 
    21     39 0.546147 
    21     40 0.604565 
    21     47 0.501830 
    21     49 0.441008 
    21     53 0.501471 
    22     25 0.518569 
    22     30 0.542683 
    22     32 0.723071 
    22     35 0.494299 
    22     38 0.762503 
    22     39 0.522634 
    22    136 0.558136 
    22    251 0.563909 
    23     28 0.341884 
    23     30 0.527738 
    23     32 0.483436 
    23     34 0.543570 
    23     39 0.493834 
    23     65 0.506947 
    24     20 0.599315 
    24     21 0.501020 
    24     25 0.504536 
    24     26 0.596117 
    24     27 0.708682 
    24     29 0.614636 
    24     30 0.488702 
    24     36 0.689379 
    24     37 0.708276 
    24     40 0.535420 
    24     47 0.485308 
    24    255 0.653017 
    25     21 0.573102 
    25     22 0.518569 
    25     24 0.504536 
    25     26 0.518418 
    25     27 0.571692 
    25     29 0.527851 
    25     30 0.691225 
    25     32 0.657035 
    25     36 0.497871 
    25     38 0.554195 
    25     39 0.595878 
    25     40 0.539849 
    25     47 0.480390 
    25     48 0.506230 
    25     50 0.515758 
    25    255 0.493899 
    26     21 0.495627 
    26     24 0.596117 
    26     25 0.518418 
    26     27 0.518257 
    26     29 0.591674 
    26     36 0.641720 
    26     37 0.491575 
    26    255 0.626297 
    27     21 0.537463 
    27     24 0.708682 
    27     25 0.571692 
    27     26 0.518257 
    27     29 0.535735 
    27     30 0.568078 
    27     36 0.558059 
    27     37 0.624971 
    27     39 0.527754 
    27     40 0.523416 
    27    255 0.558811 
    28     23 0.341884 
    29     21 0.554422 
    29     24 0.614636 
    29     25 0.527851 
    29     26 0.591674 
    29     27 0.535735 
    29     30 0.527073 
    29     36 0.622773 
    29     37 0.582902 
    29     40 0.521769 
    29     41 0.491523 
    29    255 0.555985 
    30     15 0.561715 
    30     16 0.543492 
    30     21 0.576556 
    30     22 0.542683 
    30     23 0.527738 
    30     24 0.488702 
    30     25 0.691225 
    30     27 0.568078 
    30     29 0.527073 
    30     32 0.710804 
    30     38 0.689207 
    30     39 0.592051 
    30     40 0.577407 
    30     47 0.579468 
    30     50 0.505484 
    30     65 0.545020 
    30    213 0.565111 
    30    258 0.535181 
    31     17 0.550517 
    31     18 0.502836 
    31     35 0.692039 
    32     15 0.486844 
    32     16 0.530502 
    32     21 0.506775 
    32     22 0.723071 
    32     23 0.483436 
    32     25 0.657035 
    32     30 0.710804 
    32     38 0.789660 
    32     39 0.545674 
    32     47 0.497580 
    32     50 0.506721 
    32     65 0.486730 
    32    213 0.521961 
    33    176 0.608845 
    33    191 0.657298 
    33    259 0.562037 
    34     23 0.543570 
    35     17 0.540899 
    35     18 0.590607 
    35     22 0.494299 
    35     31 0.692039 
    35     39 0.589840 
    36     20 0.491109 
    36     21 0.550402 
    36     24 0.689379 
    36     25 0.497871 
    36     26 0.641720 
    36     27 0.558059 
    36     29 0.622773 
    36     37 0.557200 
    36     40 0.571788 
    36     41 0.491058 
    36     67 0.507418 
    36    255 0.637748 
    37     20 0.560107 
    37     24 0.708276 
    37     26 0.491575 
    37     27 0.624971 
    37     29 0.582902 
    37     36 0.557200 
    37    255 0.625170 
    38     21 0.486202 
    38     22 0.762503 
    38     25 0.554195 
    38     30 0.689207 
    38     32 0.789660 
    38     39 0.485967 
    38     47 0.500069 
    38     48 0.482162 
    38     50 0.522204 
    38     65 0.508877 
    38    213 0.521849 
    39     15 0.518197 
    39     18 0.550009 
    39     21 0.546147 
    39     22 0.522634 
    39     23 0.493834 
    39     25 0.595878 
    39     27 0.527754 
    39     30 0.592051 
    39     32 0.545674 
    39     35 0.589840 
    39     38 0.485967 
    39     40 0.597561 
    39    213 0.485434 
    40     15 0.520364 
    40     16 0.543047 
    40     21 0.604565 
    40     24 0.535420 
    40     25 0.539849 
    40     27 0.523416 
    40     29 0.521769 
    40     30 0.577407 
    40     36 0.571788 
    40     39 0.597561 
    40     47 0.615346 
    41     29 0.491523 
    41     36 0.491058 
    42     44 0.553825 
    42     45 0.521422 
    43     63 0.511161 
    43     64 0.502264 
    43     71 0.338979 
    44     42 0.553825 
    44     46 0.491001 
    45     42 0.521422 
    46     44 0.491001 
    46     68 0.428161 
    47     16 0.566947 
    47     21 0.501830 
    47     24 0.485308 
    47     25 0.480390 
    47     30 0.579468 
    47     32 0.497580 
    47     38 0.500069 
    47     40 0.615346 
    48     25 0.506230 
    48     38 0.482162 
    48     72 0.544588 
    49     21 0.441008 
    50     13 0.622731 
    50     25 0.515758 
    50     30 0.505484 
    50     32 0.506721 
    50     38 0.522204 
    50     53 0.541887 
    50    136 0.511816 
    50    177 0.503074 
    50    263 0.546656 
    51     18 0.366353 
    52     57 0.535302 
    52     60 0.519405 
    53     21 0.501471 
    53     50 0.541887 
    54     16 0.486305 
    55     57 0.482551 
    56    174 0.386668 
    56    208 0.385640 
    57     52 0.535302 
    57     55 0.482551 
    57     60 0.547779 
    57    231 0.482521 
    58    174 0.466955 
    59    213 0.501093 
    59    215 0.678286 
    60     52 0.519405 
    60     57 0.547779 
    60    209 0.490263 
    61    225 0.461852 
    62     65 0.529816 
    63     43 0.511161 
    63     65 0.659437 
    63     73 0.436065 
    63     79 0.480103 
    63    213 0.496272 
    63    243 0.437414 
    64     43 0.502264 
    64     68 0.609530 
    64     80 0.481174 
    64    111 0.511143 
    65     15 0.488032 
    65     23 0.506947 
    65     30 0.545020 
    65     32 0.486730 
    65     38 0.508877 
    65     62 0.529816 
    65     63 0.659437 
    65     70 0.478368 
    65     79 0.482967 
    65    163 0.489433 
    65    166 0.491224 
    65    213 0.605323 
    65    235 0.558769 
    66    145 0.378494 
    67     36 0.507418 
    67     72 0.484293 
    68     46 0.428161 
    68     64 0.609530 
    68     69 0.515057 
    69     68 0.515057 
    69     72 0.511837 
    70     65 0.478368 
    71     43 0.338979 
    72     48 0.544588 
    72     67 0.484293 
    72     69 0.511837 
    73     63 0.436065 
    74     13 0.491151 
    74     79 0.490857 
    74     80 0.566470 
    74     93 0.553440 
    74     94 0.497967 
    74     95 0.508091 
    74    111 0.493861 
    74    203 0.547956 
    75     96 0.484323 
    75    102 0.480745 
    75    181 0.479852 
    75    190 0.511410 
    75    192 0.570215 
    76     88 0.497439 
    76    109 0.514963 
    77      6 0.450765 
    77    223 0.485610 
    78    220 0.437358 
    79     63 0.480103 
    79     65 0.482967 
    79     74 0.490857 
    79    254 0.468403 
    80     64 0.481174 
    80     74 0.566470 
    80     93 0.713623 
    80    111 0.547420 
    80    130 0.486481 
    81    129 0.354191 
    81    226 0.440078 
    81    245 0.416314 
    81    249 0.218438 
    82      4 0.248748 
    82    128 0.572637 
    83    120 0.485733 
    84    248 0.414857 
    85    132 0.460411 
    85    211 0.382832 
    86    100 0.600593 
    87     88 0.568985 
    87     90 0.507101 
    87     94 0.610820 
    87     96 0.567587 
    87    114 0.578251 
    87    130 0.567360 
    87    193 0.533889 
    87    251 0.506868 
    88      6 0.474121 
    88     76 0.497439 
    88     87 0.568985 
    88     89 0.723508 
    88     90 0.623927 
    88     91 0.611878 
    88     92 0.619639 
    88     93 0.494831 
    88     94 0.645535 
    88     95 0.604979 
    88     96 0.554329 
    88    104 0.527183 
    88    106 0.487480 
    88    107 0.505401 
    88    113 0.508324 
    88    114 0.572215 
    88    130 0.503271 
    88    214 0.565235 
    88    220 0.513405 
    89     88 0.723508 
    89     91 0.659305 
    89     92 0.785490 
    89     94 0.661218 
    89     96 0.738622 
    89    106 0.508164 
    89    107 0.496263 
    89    108 0.500649 
    89    119 0.557990 
    89    121 0.488948 
    89    130 0.615327 
    89    134 0.594110 
    89    135 0.578441 
    89    136 0.557976 
    89    196 0.501563 
    89    214 0.562442 
    89    219 0.575999 
    89    251 0.480913 
    90     87 0.507101 
    90     88 0.623927 
    90     91 0.539097 
    90     95 0.551263 
    90    114 0.486873 
    91     88 0.611878 
    91     89 0.659305 
    91     90 0.539097 
    91     92 0.551489 
    91     94 0.524372 
    91    134 0.562008 
    91    202 0.494118 
    91    220 0.481285 
    92     88 0.619639 
    92     89 0.785490 
    92     91 0.551489 
    92     94 0.595130 
    92     96 0.707138 
    92    106 0.531763 
    92    108 0.525937 
    92    113 0.503336 
    92    119 0.595392 
    92    121 0.492420 
    92    130 0.606577 
    92    134 0.624243 
    92    135 0.632792 
    92    136 0.527386 
    92    181 0.515151 
    92    214 0.486951 
    92    218 0.504385 
    92    219 0.502568 
    92    220 0.508367 
    92    258 0.502437 
    93     74 0.553440 
    93     80 0.713623 
    93     88 0.494831 
    93     95 0.583875 
    93    111 0.532934 
    94     13 0.524983 
    94     74 0.497967 
    94     87 0.610820 
    94     88 0.645535 
    94     89 0.661218 
    94     91 0.524372 
    94     92 0.595130 
    94     95 0.515754 
    94     96 0.671118 
    94    106 0.567118 
    94    107 0.546186 
    94    108 0.613150 
    94    114 0.544672 
    94    130 0.637710 
    94    136 0.626518 
    94    177 0.553485 
    94    193 0.542668 
    94    196 0.529313 
    94    203 0.506105 
    94    214 0.588507 
    94    219 0.599732 
    94    220 0.480531 
    94    251 0.554816 
    95     74 0.508091 
    95     88 0.604979 
    95     90 0.551263 
    95     93 0.583875 
    95     94 0.515754 
    96     75 0.484323 
    96     87 0.567587 
    96     88 0.554329 
    96     89 0.738622 
    96     92 0.707138 
    96     94 0.671118 
    96    100 0.509413 
    96    102 0.540912 
    96    106 0.625518 
    96    107 0.553045 
    96    108 0.563755 
    96    114 0.525200 
    96    119 0.633900 
    96    121 0.582711 
    96    130 0.768078 
    96    135 0.482092 
    96    136 0.510763 
    96    177 0.554696 
    96    181 0.701754 
    96    186 0.483495 
    96    192 0.515944 
    96    193 0.527521 
    96    196 0.704078 
    96    214 0.665931 
    96    219 0.730164 
    96    220 0.484559 
    97    101 0.495696 
    98     99 0.605345 
    98    100 0.592335 
    98    121 0.574091 
    99     98 0.605345 
    99    100 0.582424 
    99    104 0.490877 
   100     86 0.600593 
   100     96 0.509413 
   100     98 0.592335 
   100     99 0.582424 
   100    104 0.534160 
   100    120 0.565572 
   101     97 0.495696 
   101    102 0.499072 
   101    104 0.583681 
   102     75 0.480745 
   102     96 0.540912 
   102    101 0.499072 
   102    104 0.677748 
   102    106 0.528854 
   102    219 0.480369 
   103    104 0.539138 
   103    112 0.546889 
   104     88 0.527183 
   104     99 0.490877 
   104    100 0.534160 
   104    101 0.583681 
   104    102 0.677748 
   104    103 0.539138 
   104    112 0.500001 
   104    114 0.508235 
   104    202 0.534222 
   105    106 0.685637 
   105    107 0.534859 
   105    108 0.580060 
   105    113 0.620089 
   105    114 0.499795 
   105    214 0.618737 
   105    219 0.573116 
   106     88 0.487480 
   106     89 0.508164 
   106     92 0.531763 
   106     94 0.567118 
   106     96 0.625518 
   106    102 0.528854 
   106    105 0.685637 
   106    107 0.566444 
   106    108 0.525862 
   106    113 0.617912 
   106    114 0.543639 
   106    115 0.417216 
   106    121 0.494416 
   106    130 0.490701 
   106    181 0.482901 
   106    214 0.636554 
   106    215 0.496903 
   106    219 0.674951 
   106    220 0.535493 
   107     88 0.505401 
   107     89 0.496263 
   107     94 0.546186 
   107     96 0.553045 
   107    105 0.534859 
   107    106 0.566444 
   107    108 0.575603 
   107    109 0.480703 
   107    111 0.482789 
   107    128 0.469439 
   107    130 0.603054 
   107    177 0.545598 
   107    181 0.498102 
   107    196 0.500472 
   107    214 0.635372 
   107    219 0.538372 
   107    242 0.633831 
   108     89 0.500649 
   108     92 0.525937 
   108     94 0.613150 
   108     96 0.563755 
   108    105 0.580060 
   108    106 0.525862 
   108    107 0.575603 
   108    119 0.484868 
   108    130 0.599927 
   108    136 0.515262 
   108    177 0.497040 
   108    181 0.481409 
   108    196 0.491273 
   108    203 0.508124 
   108    204 0.485370 
   108    214 0.579935 
   108    219 0.567060 
   108    251 0.484404 
   109     76 0.514963 
   109    107 0.480703 
   109    110 0.598308 
   110    109 0.598308 
   110    218 0.498330 
   111     64 0.511143 
   111     74 0.493861 
   111     80 0.547420 
   111     93 0.532934 
   111    107 0.482789 
   112    103 0.546889 
   112    104 0.500001 
   112    195 0.485552 
   112    216 0.519167 
   113     88 0.508324 
   113     92 0.503336 
   113    105 0.620089 
   113    106 0.617912 
   113    215 0.537572 
   113    220 0.496378 
   114     87 0.578251 
   114     88 0.572215 
   114     90 0.486873 
   114     94 0.544672 
   114     96 0.525200 
   114    104 0.508235 
   114    105 0.499795 
   114    106 0.543639 
   114    193 0.523003 
   114    214 0.641162 
   114    220 0.538654 
   115    106 0.417216 
   116      5 0.495492 
   116      9 0.534664 
   116     11 0.524115 
   116    119 0.508288 
   117    237 0.393652 
   118    132 0.444055 
   118    139 0.491390 
   118    177 0.525475 
   118    239 0.482837 
   119     89 0.557990 
   119     92 0.595392 
   119     96 0.633900 
   119    108 0.484868 
   119    116 0.508288 
   119    130 0.553142 
   119    181 0.588831 
   119    196 0.481743 
   119    204 0.565093 
   119    239 0.587113 
   120     83 0.485733 
   120    100 0.565572 
   121     89 0.488948 
   121     92 0.492420 
   121     96 0.582711 
   121     98 0.574091 
   121    106 0.494416 
   121    219 0.482138 
   122    212 0.424143 
   123    254 0.348855 
   124    125 0.639552 
   124    126 0.563678 
   125    124 0.639552 
   126     13 0.483095 
   126    124 0.563678 
   127    169 0.229197 
   128     82 0.572637 
   128    107 0.469439 
   129     81 0.354191 
   129    250 0.354422 
   130     13 0.510795 
   130     80 0.486481 
   130     87 0.567360 
   130     88 0.503271 
   130     89 0.615327 
   130     92 0.606577 
   130     94 0.637710 
   130     96 0.768078 
   130    106 0.490701 
   130    107 0.603054 
   130    108 0.599927 
   130    119 0.553142 
   130    136 0.572661 
   130    177 0.621125 
   130    181 0.601853 
   130    186 0.486408 
   130    193 0.487227 
   130    196 0.643582 
   130    204 0.560895 
   130    214 0.608361 
   130    219 0.598870 
   130    242 0.498395 
   130    251 0.480241 
   131    237 0.315621 
   132     85 0.460411 
   132    118 0.444055 
   132    180 0.409670 
   133    134 0.517518 
   133    221 0.514297 
   134     89 0.594110 
   134     91 0.562008 
   134     92 0.624243 
   134    133 0.517518 
   134    135 0.700281 
   134    136 0.485398 
   134    221 0.654932 
   135     89 0.578441 
   135     92 0.632792 
   135     96 0.482092 
   135    134 0.700281 
   135    136 0.513404 
   135    190 0.530788 
   135    192 0.512302 
   135    221 0.480940 
   136     13 0.599572 
   136     22 0.558136 
   136     50 0.511816 
   136     89 0.557976 
   136     92 0.527386 
   136     94 0.626518 
   136     96 0.510763 
   136    108 0.515262 
   136    130 0.572661 
   136    134 0.485398 
   136    135 0.513404 
   136    177 0.623311 
   136    193 0.511760 
   136    203 0.645419 
   136    204 0.529131 
   136    251 0.705129 
   136    258 0.557090 
   137    197 0.543449 
   138    214 0.384308 
   139    118 0.491390 
   139    181 0.548634 
   139    197 0.498580 
   139    207 0.437881 
   139    242 0.500672 
   140    145 0.481859 
   140    146 0.485955 
   140    147 0.511539 
   140    149 0.519467 
   140    151 0.574312 
   140    152 0.510677 
   140    154 0.494288 
   140    155 0.542427 
   140    163 0.492903 
   140    166 0.538636 
   140    167 0.502328 
   140    170 0.530221 
   140    172 0.535405 
   141      2 0.263185 
   142      1 0.456595 
   143    145 0.515155 
   143    146 0.488627 
   143    148 0.491765 
   143    152 0.507541 
   143    167 0.501239 
   144    203 0.408480 
   145     66 0.378494 
   145    140 0.481859 
   145    143 0.515155 
   145    146 0.654139 
   145    147 0.482128 
   145    148 0.678166 
   145    149 0.537443 
   145    152 0.685529 
   145    155 0.581176 
   145    163 0.550084 
   145    166 0.530139 
   145    167 0.637370 
   145    170 0.690721 
   145    172 0.519164 
   146    140 0.485955 
   146    143 0.488627 
   146    145 0.654139 
   146    148 0.590291 
   146    149 0.533898 
   146    151 0.554984 
   146    152 0.763485 
   146    155 0.626101 
   146    163 0.527204 
   146    166 0.511839 
   146    167 0.591001 
   146    170 0.677768 
   146    172 0.488595 
   147    140 0.511539 
   147    145 0.482128 
   147    148 0.495013 
   147    149 0.672436 
   147    151 0.502187 
   147    154 0.498206 
   147    155 0.608433 
   147    159 0.494289 
   147    162 0.510752 
   147    163 0.523996 
   147    166 0.640953 
   147    167 0.603435 
   147    169 0.506393 
   147    170 0.485345 
   147    172 0.500788 
   148    143 0.491765 
   148    145 0.678166 
   148    146 0.590291 
   148    147 0.495013 
   148    152 0.733503 
   148    155 0.508095 
   148    159 0.487367 
   148    163 0.511576 
   148    166 0.568564 
   148    167 0.644932 
   148    170 0.546480 
   148    172 0.503735 
   148    185 0.312256 
   148    244 0.493593 
   149    140 0.519467 
   149    145 0.537443 
   149    146 0.533898 
   149    147 0.672436 
   149    151 0.515494 
   149    154 0.578310 
   149    155 0.717962 
   149    159 0.555188 
   149    162 0.512943 
   149    163 0.548401 
   149    166 0.648842 
   149    167 0.637269 
   149    169 0.529828 
   149    170 0.513149 
   149    172 0.598262 
   149    173 0.447963 
   149    183 0.558199 
   150    168 0.384315 
   151    140 0.574312 
   151    146 0.554984 
   151    147 0.502187 
   151    149 0.515494 
   151    152 0.509708 
   151    155 0.576257 
   151    163 0.480316 
   151    166 0.540180 
   151    167 0.518590 
   151    170 0.541006 
   151    172 0.521807 
   152    140 0.510677 
   152    143 0.507541 
   152    145 0.685529 
   152    146 0.763485 
   152    148 0.733503 
   152    151 0.509708 
   152    155 0.565985 
   152    160 0.482965 
   152    163 0.505487 
   152    166 0.516261 
   152    167 0.575137 
   152    169 0.490437 
   152    170 0.664369 
   152    172 0.513611 
   152    226 0.436618 
   152    244 0.483447 
   153    161 0.395723 
   153    169 0.494503 
   154    140 0.494288 
   154    147 0.498206 
   154    149 0.578310 
   154    155 0.503739 
   154    166 0.486326 
   154    169 0.486697 
   154    172 0.577950 
   155    140 0.542427 
   155    145 0.581176 
   155    146 0.626101 
   155    147 0.608433 
   155    148 0.508095 
   155    149 0.717962 
   155    151 0.576257 
   155    152 0.565985 
   155    154 0.503739 
   155    159 0.608327 
   155    162 0.528743 
   155    163 0.643322 
   155    166 0.702684 
   155    167 0.709507 
   155    169 0.496338 
   155    170 0.567436 
   155    172 0.494181 
   155    183 0.539159 
   156    166 0.516060 
   157    166 0.483657 
   158    168 0.242309 
   159    147 0.494289 
   159    148 0.487367 
   159    149 0.555188 
   159    155 0.608327 
   159    163 0.532857 
   159    166 0.607787 
   159    167 0.591765 
   159    170 0.481642 
   160    152 0.482965 
   160    163 0.483385 
   160    167 0.524390 
   160    172 0.495665 
   160    244 0.525705 
   160    253 0.355338 
   161    153 0.395723 
   162    147 0.510752 
   162    149 0.512943 
   162    155 0.528743 
   162    166 0.518695 
   163     65 0.489433 
   163    140 0.492903 
   163    145 0.550084 
   163    146 0.527204 
   163    147 0.523996 
   163    148 0.511576 
   163    149 0.548401 
   163    151 0.480316 
   163    152 0.505487 
   163    155 0.643322 
   163    159 0.532857 
   163    160 0.483385 
   163    166 0.666228 
   163    167 0.647567 
   163    170 0.526826 
   163    203 0.528603 
   163    213 0.493690 
   163    257 0.351899 
   164    183 0.364168 
   165    183 0.397077 
   166     65 0.491224 
   166    140 0.538636 
   166    145 0.530139 
   166    146 0.511839 
   166    147 0.640953 
   166    148 0.568564 
   166    149 0.648842 
   166    151 0.540180 
   166    152 0.516261 
   166    154 0.486326 
   166    155 0.702684 
   166    156 0.516060 
   166    157 0.483657 
   166    159 0.607787 
   166    162 0.518695 
   166    163 0.666228 
   166    167 0.703176 
   166    170 0.495323 
   166    213 0.488865 
   166    236 0.482068 
   167    140 0.502328 
   167    143 0.501239 
   167    145 0.637370 
   167    146 0.591001 
   167    147 0.603435 
   167    148 0.644932 
   167    149 0.637269 
   167    151 0.518590 
   167    152 0.575137 
   167    155 0.709507 
   167    159 0.591765 
   167    160 0.524390 
   167    163 0.647567 
   167    166 0.703176 
   167    170 0.540252 
   167    172 0.523413 
   167    236 0.480072 
   168      2 0.536732 
   168    150 0.384315 
   168    158 0.242309 
   168    171 0.405733 
   168    172 0.550679 
   169    127 0.229197 
   169    147 0.506393 
   169    149 0.529828 
   169    152 0.490437 
   169    153 0.494503 
   169    154 0.486697 
   169    155 0.496338 
   170    140 0.530221 
   170    145 0.690721 
   170    146 0.677768 
   170    147 0.485345 
   170    148 0.546480 
   170    149 0.513149 
   170    151 0.541006 
   170    152 0.664369 
   170    155 0.567436 
   170    159 0.481642 
   170    163 0.526826 
   170    166 0.495323 
   170    167 0.540252 
   170    172 0.504942 
   171    168 0.405733 
   172      2 0.511996 
   172    140 0.535405 
   172    145 0.519164 
   172    146 0.488595 
   172    147 0.500788 
   172    148 0.503735 
   172    149 0.598262 
   172    151 0.521807 
   172    152 0.513611 
   172    154 0.577950 
   172    155 0.494181 
   172    160 0.495665 
   172    167 0.523413 
   172    168 0.550679 
   172    170 0.504942 
   173    149 0.447963 
   174     56 0.386668 
   174     58 0.466955 
   174    186 0.511481 
   174    261 0.395310 
   175    190 0.519966 
   175    192 0.547490 
   176      3 0.599693 
   176     12 0.491473 
   176     33 0.608845 
   176    179 0.415527 
   176    191 0.783024 
   176    195 0.633943 
   176    198 0.621294 
   176    259 0.590942 
   176    260 0.605773 
   177     13 0.644714 
   177     50 0.503074 
   177     94 0.553485 
   177     96 0.554696 
   177    107 0.545598 
   177    108 0.497040 
   177    118 0.525475 
   177    130 0.621125 
   177    136 0.623311 
   177    196 0.503330 
   177    201 0.624591 
   177    203 0.631387 
   177    204 0.678379 
   177    214 0.565696 
   177    219 0.531931 
   177    263 0.518456 
   178    188 0.491489 
   178    201 0.508154 
   179    176 0.415527 
   180    132 0.409670 
   181     75 0.479852 
   181     92 0.515151 
   181     96 0.701754 
   181    106 0.482901 
   181    107 0.498102 
   181    108 0.481409 
   181    119 0.588831 
   181    130 0.601853 
   181    139 0.548634 
   181    186 0.495906 
   181    190 0.523074 
   181    192 0.543554 
   181    196 0.593210 
   181    197 0.484275 
   181    204 0.505920 
   181    219 0.569954 
   181    242 0.493181 
   182      3 0.639323 
   183    149 0.558199 
   183    155 0.539159 
   183    164 0.364168 
   183    165 0.397077 
   183    262 0.465508 
   184      1 0.000000 
   185    148 0.312256 
   186     96 0.483495 
   186    130 0.486408 
   186    174 0.511481 
   186    181 0.495906 
   187     14 0.252048 
   187    259 0.510434 
   188    178 0.491489 
   188    201 0.669770 
   189    218 0.509986 
   190     75 0.511410 
   190    135 0.530788 
   190    175 0.519966 
   190    181 0.523074 
   190    192 0.825606 
   190    200 0.487668 
   190    204 0.552087 
   191      3 0.507264 
   191     33 0.657298 
   191    176 0.783024 
   191    195 0.518898 
   191    259 0.667142 
   191    260 0.628625 
   192     75 0.570215 
   192     96 0.515944 
   192    135 0.512302 
   192    175 0.547490 
   192    181 0.543554 
   192    190 0.825606 
   192    194 0.513335 
   192    199 0.633728 
   192    200 0.494776 
   192    204 0.497672 
   192    241 0.402541 
   193     87 0.533889 
   193     94 0.542668 
   193     96 0.527521 
   193    114 0.523003 
   193    130 0.487227 
   193    136 0.511760 
   193    218 0.586537 
   193    251 0.642155 
   194    192 0.513335 
   194    195 0.518087 
   195    112 0.485552 
   195    176 0.633943 
   195    191 0.518898 
   195    194 0.518087 
   195    198 0.500967 
   195    199 0.510618 
   195    259 0.546757 
   196     89 0.501563 
   196     94 0.529313 
   196     96 0.704078 
   196    107 0.500472 
   196    108 0.491273 
   196    119 0.481743 
   196    130 0.643582 
   196    177 0.503330 
   196    181 0.593210 
   196    214 0.558487 
   196    219 0.601360 
   197    137 0.543449 
   197    139 0.498580 
   197    181 0.484275 
   198      3 0.512115 
   198     12 0.554844 
   198    176 0.621294 
   198    195 0.500967 
   199    192 0.633728 
   199    195 0.510618 
   199    205 0.439268 
   199    259 0.656500 
   200    190 0.487668 
   200    192 0.494776 
   201     13 0.577404 
   201    177 0.624591 
   201    178 0.508154 
   201    188 0.669770 
   201    203 0.496781 
   201    204 0.569627 
   201    263 0.591639 
   202     91 0.494118 
   202    104 0.534222 
   202    216 0.499283 
   202    220 0.498771 
   203     13 0.611608 
   203     74 0.547956 
   203     94 0.506105 
   203    108 0.508124 
   203    136 0.645419 
   203    144 0.408480 
   203    163 0.528603 
   203    177 0.631387 
   203    201 0.496781 
   203    204 0.625553 
   203    213 0.588198 
   203    263 0.521336 
   204     13 0.522537 
   204    108 0.485370 
   204    119 0.565093 
   204    130 0.560895 
   204    136 0.529131 
   204    177 0.678379 
   204    181 0.505920 
   204    190 0.552087 
   204    192 0.497672 
   204    201 0.569627 
   204    203 0.625553 
   204    209 0.438728 
   204    258 0.537938 
   204    263 0.569686 
   205    199 0.439268 
   206    218 0.432202 
   207    139 0.437881 
   208     56 0.385640 
   209     60 0.490263 
   209    204 0.438728 
   209    210 0.517495 
   210    209 0.517495 
   211     85 0.382832 
   212    122 0.424143 
   212    215 0.492527 
   213     15 0.496073 
   213     30 0.565111 
   213     32 0.521961 
   213     38 0.521849 
   213     39 0.485434 
   213     59 0.501093 
   213     63 0.496272 
   213     65 0.605323 
   213    163 0.493690 
   213    166 0.488865 
   213    203 0.588198 
   213    217 0.441697 
   213    235 0.527638 
   213    252 0.430697 
   214     13 0.489496 
   214     88 0.565235 
   214     89 0.562442 
   214     92 0.486951 
   214     94 0.588507 
   214     96 0.665931 
   214    105 0.618737 
   214    106 0.636554 
   214    107 0.635372 
   214    108 0.579935 
   214    114 0.641162 
   214    130 0.608361 
   214    138 0.384308 
   214    177 0.565696 
   214    196 0.558487 
   214    219 0.700452 
   214    220 0.552615 
   214    242 0.519155 
   215     59 0.678286 
   215    106 0.496903 
   215    113 0.537572 
   215    212 0.492527 
   216    112 0.519167 
   216    202 0.499283 
   217    213 0.441697 
   218     92 0.504385 
   218    110 0.498330 
   218    189 0.509986 
   218    193 0.586537 
   218    206 0.432202 
   218    220 0.494013 
   219     89 0.575999 
   219     92 0.502568 
   219     94 0.599732 
   219     96 0.730164 
   219    102 0.480369 
   219    105 0.573116 
   219    106 0.674951 
   219    107 0.538372 
   219    108 0.567060 
   219    121 0.482138 
   219    130 0.598870 
   219    177 0.531931 
   219    181 0.569954 
   219    196 0.601360 
   219    214 0.700452 
   220     78 0.437358 
   220     88 0.513405 
   220     91 0.481285 
   220     92 0.508367 
   220     94 0.480531 
   220     96 0.484559 
   220    106 0.535493 
   220    113 0.496378 
   220    114 0.538654 
   220    202 0.498771 
   220    214 0.552615 
   220    218 0.494013 
   221    133 0.514297 
   221    134 0.654932 
   221    135 0.480940 
   222    226 0.583718 
   223     77 0.485610 
   223    224 0.507934 
   224    223 0.507934 
   224    225 0.545824 
   224    234 0.460354 
   225     61 0.461852 
   225    224 0.545824 
   226     81 0.440078 
   226    152 0.436618 
   226    222 0.583718 
   227    228 0.402158 
   227    232 0.406098 
   228    227 0.402158 
   228    233 0.567091 
   229    231 0.434944 
   229    232 0.429506 
   230    231 0.482278 
   231     57 0.482521 
   231    229 0.434944 
   231    230 0.482278 
   232    227 0.406098 
   232    229 0.429506 
   233    228 0.567091 
   234    224 0.460354 
   235     65 0.558769 
   235    213 0.527638 
   236    166 0.482068 
   236    167 0.480072 
   236    237 0.485122 
   237    117 0.393652 
   237    131 0.315621 
   237    236 0.485122 
   237    240 0.615347 
   238    240 0.471878 
   239    118 0.482837 
   239    119 0.587113 
   240    237 0.615347 
   240    238 0.471878 
   241    192 0.402541 
   242    107 0.633831 
   242    130 0.498395 
   242    139 0.500672 
   242    181 0.493181 
   242    214 0.519155 
   243     63 0.437414 
   243    246 0.391740 
   244      8 0.355534 
   244    148 0.493593 
   244    152 0.483447 
   244    160 0.525705 
   245     81 0.416314 
   246    243 0.391740 
   247     10 0.418580 
   247    248 0.457602 
   248     84 0.414857 
   248    247 0.457602 
   248    252 0.450249 
   249     81 0.218438 
   250    129 0.354422 
   251     13 0.500365 
   251     22 0.563909 
   251     87 0.506868 
   251     89 0.480913 
   251     94 0.554816 
   251    108 0.484404 
   251    130 0.480241 
   251    136 0.705129 
   251    193 0.642155 
   251    258 0.484162 
   252    213 0.430697 
   252    248 0.450249 
   253    160 0.355338 
   254     79 0.468403 
   254    123 0.348855 
   255     20 0.566890 
   255     24 0.653017 
   255     25 0.493899 
   255     26 0.626297 
   255     27 0.558811 
   255     29 0.555985 
   255     36 0.637748 
   255     37 0.625170 
   256    263 0.489398 
   256    264 0.500228 
   257    163 0.351899 
   258     15 0.532455 
   258     30 0.535181 
   258     92 0.502437 
   258    136 0.557090 
   258    204 0.537938 
   258    251 0.484162 
   258    263 0.554315 
   259     33 0.562037 
   259    176 0.590942 
   259    187 0.510434 
   259    191 0.667142 
   259    195 0.546757 
   259    199 0.656500 
   259    260 0.568872 
   260    176 0.605773 
   260    191 0.628625 
   260    259 0.568872 
   261    174 0.395310 
   262    183 0.465508 
   263     13 0.646901 
   263     50 0.546656 
   263    177 0.518456 
   263    201 0.591639 
   263    203 0.521336 
   263    204 0.569686 
   263    256 0.489398 
   263    258 0.554315 
   264    256 0.500228 
