*vertices    264 
     1 "     1" 
     2 "     2" 
     3 "     3" 
     4 "     4" 
     5 "     5" 
     6 "     6" 
     7 "     7" 
     8 "     8" 
     9 "     9" 
    10 "    10" 
    11 "    11" 
    12 "    12" 
    13 "    13" 
    14 "    14" 
    15 "    15" 
    16 "    16" 
    17 "    17" 
    18 "    18" 
    19 "    19" 
    20 "    20" 
    21 "    21" 
    22 "    22" 
    23 "    23" 
    24 "    24" 
    25 "    25" 
    26 "    26" 
    27 "    27" 
    28 "    28" 
    29 "    29" 
    30 "    30" 
    31 "    31" 
    32 "    32" 
    33 "    33" 
    34 "    34" 
    35 "    35" 
    36 "    36" 
    37 "    37" 
    38 "    38" 
    39 "    39" 
    40 "    40" 
    41 "    41" 
    42 "    42" 
    43 "    43" 
    44 "    44" 
    45 "    45" 
    46 "    46" 
    47 "    47" 
    48 "    48" 
    49 "    49" 
    50 "    50" 
    51 "    51" 
    52 "    52" 
    53 "    53" 
    54 "    54" 
    55 "    55" 
    56 "    56" 
    57 "    57" 
    58 "    58" 
    59 "    59" 
    60 "    60" 
    61 "    61" 
    62 "    62" 
    63 "    63" 
    64 "    64" 
    65 "    65" 
    66 "    66" 
    67 "    67" 
    68 "    68" 
    69 "    69" 
    70 "    70" 
    71 "    71" 
    72 "    72" 
    73 "    73" 
    74 "    74" 
    75 "    75" 
    76 "    76" 
    77 "    77" 
    78 "    78" 
    79 "    79" 
    80 "    80" 
    81 "    81" 
    82 "    82" 
    83 "    83" 
    84 "    84" 
    85 "    85" 
    86 "    86" 
    87 "    87" 
    88 "    88" 
    89 "    89" 
    90 "    90" 
    91 "    91" 
    92 "    92" 
    93 "    93" 
    94 "    94" 
    95 "    95" 
    96 "    96" 
    97 "    97" 
    98 "    98" 
    99 "    99" 
   100 "   100" 
   101 "   101" 
   102 "   102" 
   103 "   103" 
   104 "   104" 
   105 "   105" 
   106 "   106" 
   107 "   107" 
   108 "   108" 
   109 "   109" 
   110 "   110" 
   111 "   111" 
   112 "   112" 
   113 "   113" 
   114 "   114" 
   115 "   115" 
   116 "   116" 
   117 "   117" 
   118 "   118" 
   119 "   119" 
   120 "   120" 
   121 "   121" 
   122 "   122" 
   123 "   123" 
   124 "   124" 
   125 "   125" 
   126 "   126" 
   127 "   127" 
   128 "   128" 
   129 "   129" 
   130 "   130" 
   131 "   131" 
   132 "   132" 
   133 "   133" 
   134 "   134" 
   135 "   135" 
   136 "   136" 
   137 "   137" 
   138 "   138" 
   139 "   139" 
   140 "   140" 
   141 "   141" 
   142 "   142" 
   143 "   143" 
   144 "   144" 
   145 "   145" 
   146 "   146" 
   147 "   147" 
   148 "   148" 
   149 "   149" 
   150 "   150" 
   151 "   151" 
   152 "   152" 
   153 "   153" 
   154 "   154" 
   155 "   155" 
   156 "   156" 
   157 "   157" 
   158 "   158" 
   159 "   159" 
   160 "   160" 
   161 "   161" 
   162 "   162" 
   163 "   163" 
   164 "   164" 
   165 "   165" 
   166 "   166" 
   167 "   167" 
   168 "   168" 
   169 "   169" 
   170 "   170" 
   171 "   171" 
   172 "   172" 
   173 "   173" 
   174 "   174" 
   175 "   175" 
   176 "   176" 
   177 "   177" 
   178 "   178" 
   179 "   179" 
   180 "   180" 
   181 "   181" 
   182 "   182" 
   183 "   183" 
   184 "   184" 
   185 "   185" 
   186 "   186" 
   187 "   187" 
   188 "   188" 
   189 "   189" 
   190 "   190" 
   191 "   191" 
   192 "   192" 
   193 "   193" 
   194 "   194" 
   195 "   195" 
   196 "   196" 
   197 "   197" 
   198 "   198" 
   199 "   199" 
   200 "   200" 
   201 "   201" 
   202 "   202" 
   203 "   203" 
   204 "   204" 
   205 "   205" 
   206 "   206" 
   207 "   207" 
   208 "   208" 
   209 "   209" 
   210 "   210" 
   211 "   211" 
   212 "   212" 
   213 "   213" 
   214 "   214" 
   215 "   215" 
   216 "   216" 
   217 "   217" 
   218 "   218" 
   219 "   219" 
   220 "   220" 
   221 "   221" 
   222 "   222" 
   223 "   223" 
   224 "   224" 
   225 "   225" 
   226 "   226" 
   227 "   227" 
   228 "   228" 
   229 "   229" 
   230 "   230" 
   231 "   231" 
   232 "   232" 
   233 "   233" 
   234 "   234" 
   235 "   235" 
   236 "   236" 
   237 "   237" 
   238 "   238" 
   239 "   239" 
   240 "   240" 
   241 "   241" 
   242 "   242" 
   243 "   243" 
   244 "   244" 
   245 "   245" 
   246 "   246" 
   247 "   247" 
   248 "   248" 
   249 "   249" 
   250 "   250" 
   251 "   251" 
   252 "   252" 
   253 "   253" 
   254 "   254" 
   255 "   255" 
   256 "   256" 
   257 "   257" 
   258 "   258" 
   259 "   259" 
   260 "   260" 
   261 "   261" 
   262 "   262" 
   263 "   263" 
   264 "   264" 
*edges 
     1    142 0.725012 
     1    149 0.608992 
     1    153 0.540190 
     1    163 0.529280 
     1    164 0.529217 
     1    165 0.592030 
     1    168 0.699644 
     1    169 0.557852 
     1    171 0.556992 
     1    172 0.682926 
     3      9 0.478333 
     3    139 0.502717 
     3    180 0.530379 
     3    181 0.434945 
     4    252 0.327392 
     5     86 0.413360 
     6      7 0.737484 
     6    123 0.603991 
     7      6 0.737484 
     7    123 0.545730 
     8     10 0.404902 
     9      3 0.478333 
    10      8 0.404902 
    10    247 0.452110 
    11    128 0.497998 
    12    112 0.498566 
    13    251 0.657258 
    13    263 0.526358 
    14    166 0.368362 
    15     40 0.551250 
    15     65 0.572648 
    16     48 0.519830 
    16     51 0.430083 
    16     55 0.505766 
    17     68 0.427548 
    18     19 0.473069 
    18     35 0.405397 
    18     39 0.502732 
    19     18 0.473069 
    19     23 0.640671 
    19     31 0.422328 
    19     32 0.579578 
    19     37 0.463503 
    20     26 0.552132 
    20     33 0.585969 
    20     40 0.526048 
    20     65 0.536705 
    20    255 0.568505 
    20    259 0.536605 
    21     27 0.461996 
    22     38 0.651825 
    23     19 0.640671 
    23     30 0.514026 
    23     34 0.577445 
    24     36 0.496446 
    25     30 0.535198 
    25     40 0.558448 
    26     20 0.552132 
    26     36 0.545633 
    26     42 0.561821 
    26     44 0.554504 
    26     65 0.544147 
    27     21 0.461996 
    27     37 0.707173 
    28     34 0.485241 
    29     47 0.481069 
    30     23 0.514026 
    30     25 0.535198 
    31     19 0.422328 
    32     19 0.579578 
    32     38 0.506817 
    32     53 0.624891 
    33     20 0.585969 
    33    255 0.625527 
    33    259 0.582367 
    34     23 0.577445 
    34     28 0.485241 
    35     18 0.405397 
    36     24 0.496446 
    36     26 0.545633 
    36     41 0.611035 
    37     19 0.463503 
    37     27 0.707173 
    38     22 0.651825 
    38     32 0.506817 
    39     18 0.502732 
    40     15 0.551250 
    40     20 0.526048 
    40     25 0.558448 
    40    255 0.523366 
    41     36 0.611035 
    42     26 0.561821 
    42     44 0.784827 
    42     45 0.693948 
    42     46 0.799849 
    42     63 0.521511 
    42     65 0.537036 
    42     72 0.612168 
    43     45 0.516720 
    43     71 0.523986 
    43     72 0.536364 
    44     26 0.554504 
    44     42 0.784827 
    44     45 0.696720 
    44     46 0.764665 
    44     63 0.561593 
    44     65 0.535919 
    44     72 0.579981 
    45     42 0.693948 
    45     43 0.516720 
    45     44 0.696720 
    45     46 0.755529 
    45     63 0.573253 
    45     65 0.571785 
    45     70 0.567771 
    45     72 0.607718 
    46     42 0.799849 
    46     44 0.764665 
    46     45 0.755529 
    46     63 0.603764 
    46     65 0.541841 
    46     71 0.558908 
    46     72 0.652842 
    47     29 0.481069 
    47     58 0.587506 
    47     59 0.608956 
    48     16 0.519830 
    48     58 0.517503 
    48     62 0.485138 
    48     72 0.589452 
    48     79 0.538731 
    49     53 0.462304 
    50     53 0.541638 
    51     16 0.430083 
    52     60 0.532551 
    52    222 0.486543 
    53     32 0.624891 
    53     49 0.462304 
    53     50 0.541638 
    54    213 0.554374 
    54    216 0.532059 
    55     16 0.505766 
    56     58 0.585343 
    56     60 0.501708 
    56    241 0.540716 
    57     58 0.453316 
    58     47 0.587506 
    58     48 0.517503 
    58     56 0.585343 
    58     57 0.453316 
    59     47 0.608956 
    59    206 0.537262 
    59    212 0.430379 
    59    217 0.548937 
    60     52 0.532551 
    60     56 0.501708 
    60    231 0.461198 
    61     65 0.522697 
    62     48 0.485138 
    63     42 0.521511 
    63     44 0.561593 
    63     45 0.573253 
    63     46 0.603764 
    63     65 0.607389 
    63     66 0.630873 
    63     72 0.524966 
    64     65 0.556839 
    65     15 0.572648 
    65     20 0.536705 
    65     26 0.544147 
    65     42 0.537036 
    65     44 0.535919 
    65     45 0.571785 
    65     46 0.541841 
    65     61 0.522697 
    65     63 0.607389 
    65     64 0.556839 
    65     67 0.406671 
    65     68 0.547707 
    65     69 0.491588 
    65     70 0.520818 
    65    238 0.518498 
    66     63 0.630873 
    67     65 0.406671 
    68     17 0.427548 
    68     65 0.547707 
    69     65 0.491588 
    70     45 0.567771 
    70     65 0.520818 
    70     71 0.535589 
    70     72 0.573782 
    71     43 0.523986 
    71     46 0.558908 
    71     70 0.535589 
    71     72 0.616595 
    72     42 0.612168 
    72     43 0.536364 
    72     44 0.579981 
    72     45 0.607718 
    72     46 0.652842 
    72     48 0.589452 
    72     63 0.524966 
    72     70 0.573782 
    72     71 0.616595 
    73    234 0.409880 
    74     80 0.490161 
    75     88 0.551106 
    75     89 0.529333 
    75     97 0.582039 
    75    218 0.563476 
    76    107 0.423019 
    77     90 0.475281 
    78    234 0.376093 
    79     48 0.538731 
    80     74 0.490161 
    80    251 0.516435 
    80    263 0.561209 
    81     82 0.578131 
    81    247 0.505182 
    82     81 0.578131 
    83    107 0.461847 
    84     86 0.515344 
    84    116 0.515235 
    85    123 0.524558 
    86      5 0.413360 
    86     84 0.515344 
    86     87 0.591944 
    86     88 0.719025 
    86     91 0.612817 
    86     92 0.603564 
    86     96 0.722028 
    86     97 0.553834 
    86     98 0.671027 
    86     99 0.616903 
    86    100 0.603929 
    86    102 0.530858 
    86    103 0.694575 
    86    104 0.724122 
    86    105 0.614972 
    86    106 0.538134 
    86    107 0.672511 
    86    111 0.633660 
    86    112 0.754479 
    86    113 0.613100 
    86    116 0.646835 
    86    120 0.525367 
    86    137 0.585674 
    86    196 0.537269 
    86    197 0.629961 
    86    201 0.541236 
    87     86 0.591944 
    87     88 0.568908 
    87     90 0.596636 
    87     91 0.617012 
    87     92 0.591617 
    87     94 0.536426 
    87     98 0.564853 
    87    103 0.547904 
    87    112 0.594104 
    87    174 0.520564 
    87    178 0.562100 
    87    179 0.473231 
    87    186 0.616901 
    87    192 0.571208 
    87    193 0.613603 
    87    194 0.566879 
    87    195 0.548756 
    87    197 0.579969 
    87    202 0.577247 
    88     75 0.551106 
    88     86 0.719025 
    88     87 0.568908 
    88     91 0.748563 
    88     92 0.714323 
    88     96 0.639882 
    88     97 0.602277 
    88     98 0.578454 
    88    103 0.589263 
    88    104 0.527945 
    88    105 0.535596 
    88    106 0.570801 
    88    107 0.628996 
    88    109 0.579790 
    88    111 0.573879 
    88    112 0.590900 
    88    116 0.667865 
    88    197 0.531258 
    89     75 0.529333 
    89     92 0.628903 
    89     96 0.650958 
    89     97 0.677209 
    89    136 0.571213 
    89    175 0.537377 
    89    218 0.751675 
    90     77 0.475281 
    90     87 0.596636 
    90     91 0.613684 
    90     93 0.577084 
    90     95 0.792390 
    90    124 0.534063 
    90    125 0.589208 
    90    145 0.620202 
    90    163 0.693827 
    90    167 0.678188 
    90    224 0.533828 
    90    261 0.563305 
    91     86 0.612817 
    91     87 0.617012 
    91     88 0.748563 
    91     90 0.613684 
    91     92 0.650346 
    91     94 0.520748 
    91     95 0.624666 
    91     96 0.568120 
    91    106 0.538979 
    91    107 0.574900 
    91    109 0.536288 
    91    112 0.551663 
    91    116 0.552844 
    91    122 0.535703 
    91    141 0.517601 
    91    142 0.626307 
    91    163 0.566688 
    91    224 0.520146 
    92     86 0.603564 
    92     87 0.591617 
    92     88 0.714323 
    92     89 0.628903 
    92     91 0.650346 
    92     96 0.726077 
    92     97 0.596332 
    92     98 0.561995 
    92    106 0.592533 
    92    116 0.573188 
    92    122 0.589646 
    92    133 0.556323 
    92    142 0.514938 
    92    163 0.516837 
    92    175 0.536665 
    92    186 0.533421 
    92    192 0.551747 
    92    193 0.615369 
    92    194 0.573117 
    92    196 0.516652 
    92    218 0.553186 
    93     90 0.577084 
    93     95 0.629135 
    93    145 0.537845 
    93    163 0.570618 
    94     87 0.536426 
    94     91 0.520748 
    94    133 0.721112 
    94    136 0.551346 
    94    192 0.590955 
    95     90 0.792390 
    95     91 0.624666 
    95     93 0.629135 
    95    122 0.527044 
    95    125 0.536446 
    95    145 0.531173 
    95    163 0.663758 
    95    167 0.596151 
    95    194 0.520521 
    95    224 0.577157 
    95    261 0.520180 
    96     86 0.722028 
    96     88 0.639882 
    96     89 0.650958 
    96     91 0.568120 
    96     92 0.726077 
    96     97 0.707352 
    96     98 0.649844 
    96    100 0.637053 
    96    102 0.594344 
    96    103 0.545281 
    96    104 0.568177 
    96    105 0.553411 
    96    106 0.541473 
    96    107 0.539662 
    96    112 0.609382 
    96    113 0.529129 
    96    116 0.587840 
    96    122 0.610912 
    96    136 0.561469 
    96    142 0.554794 
    96    193 0.552436 
    96    196 0.633682 
    96    218 0.665508 
    97     75 0.582039 
    97     86 0.553834 
    97     88 0.602277 
    97     89 0.677209 
    97     92 0.596332 
    97     96 0.707352 
    97     98 0.582350 
    97    100 0.583485 
    97    105 0.565771 
    97    109 0.524175 
    97    116 0.524700 
    97    122 0.566507 
    97    193 0.522938 
    97    218 0.646802 
    98     86 0.671027 
    98     87 0.564853 
    98     88 0.578454 
    98     92 0.561995 
    98     96 0.649844 
    98     97 0.582350 
    98     99 0.528134 
    98    100 0.612638 
    98    102 0.559921 
    98    103 0.696354 
    98    104 0.516150 
    98    106 0.546131 
    98    112 0.589812 
    99     86 0.616903 
    99     98 0.528134 
    99    103 0.545144 
    99    197 0.547387 
   100     86 0.603929 
   100     96 0.637053 
   100     97 0.583485 
   100     98 0.612638 
   100    102 0.518379 
   100    104 0.576123 
   100    136 0.524239 
   100    178 0.603606 
   100    193 0.595518 
   101    130 0.564902 
   101    219 0.522573 
   101    235 0.626934 
   101    239 0.530588 
   102     86 0.530858 
   102     96 0.594344 
   102     98 0.559921 
   102    100 0.518379 
   102    103 0.525462 
   102    104 0.594211 
   102    106 0.556805 
   102    112 0.577276 
   102    113 0.590196 
   102    122 0.521205 
   102    136 0.531389 
   102    141 0.538311 
   102    142 0.618995 
   102    196 0.529589 
   103     86 0.694575 
   103     87 0.547904 
   103     88 0.589263 
   103     96 0.545281 
   103     98 0.696354 
   103     99 0.545144 
   103    102 0.525462 
   103    104 0.551254 
   103    109 0.522215 
   103    112 0.566864 
   103    120 0.519696 
   103    178 0.558053 
   103    197 0.639833 
   104     86 0.724122 
   104     88 0.527945 
   104     96 0.568177 
   104     98 0.516150 
   104    100 0.576123 
   104    102 0.594211 
   104    103 0.551254 
   104    106 0.547660 
   104    107 0.598709 
   104    111 0.541588 
   104    112 0.720776 
   104    113 0.592764 
   104    116 0.528995 
   104    197 0.527107 
   104    201 0.534625 
   105     86 0.614972 
   105     88 0.535596 
   105     96 0.553411 
   105     97 0.565771 
   105    107 0.571654 
   105    109 0.526537 
   105    111 0.607954 
   105    113 0.623250 
   105    116 0.586252 
   106     86 0.538134 
   106     88 0.570801 
   106     91 0.538979 
   106     92 0.592533 
   106     96 0.541473 
   106     98 0.546131 
   106    102 0.556805 
   106    104 0.547660 
   106    116 0.532209 
   106    122 0.528094 
   106    129 0.466406 
   106    142 0.522775 
   107     76 0.423019 
   107     83 0.461847 
   107     86 0.672511 
   107     88 0.628996 
   107     91 0.574900 
   107     96 0.539662 
   107    104 0.598709 
   107    105 0.571654 
   107    108 0.597754 
   107    109 0.584966 
   107    110 0.528897 
   107    111 0.682404 
   107    112 0.659766 
   107    113 0.680668 
   107    116 0.614765 
   107    122 0.584221 
   108    107 0.597754 
   108    111 0.549470 
   108    113 0.566447 
   108    122 0.571103 
   108    139 0.554173 
   108    215 0.600531 
   108    219 0.540098 
   109     88 0.579790 
   109     91 0.536288 
   109     97 0.524175 
   109    103 0.522215 
   109    105 0.526537 
   109    107 0.584966 
   109    116 0.523355 
   110    107 0.528897 
   111     86 0.633660 
   111     88 0.573879 
   111    104 0.541588 
   111    105 0.607954 
   111    107 0.682404 
   111    108 0.549470 
   111    112 0.627931 
   111    113 0.606695 
   111    116 0.544309 
   112     12 0.498566 
   112     86 0.754479 
   112     87 0.594104 
   112     88 0.590900 
   112     91 0.551663 
   112     96 0.609382 
   112     98 0.589812 
   112    102 0.577276 
   112    103 0.566864 
   112    104 0.720776 
   112    107 0.659766 
   112    111 0.627931 
   112    113 0.706976 
   112    115 0.537803 
   112    116 0.611420 
   112    121 0.469456 
   112    122 0.572941 
   112    137 0.583916 
   112    167 0.527974 
   112    174 0.516770 
   112    184 0.446608 
   112    196 0.531016 
   112    197 0.549020 
   112    201 0.659189 
   112    202 0.527178 
   112    215 0.551533 
   112    233 0.519327 
   112    234 0.528524 
   112    261 0.526923 
   113     86 0.613100 
   113     96 0.529129 
   113    102 0.590196 
   113    104 0.592764 
   113    105 0.623250 
   113    107 0.680668 
   113    108 0.566447 
   113    111 0.606695 
   113    112 0.706976 
   113    115 0.580293 
   113    116 0.555483 
   113    122 0.610131 
   113    137 0.549512 
   113    142 0.555502 
   113    196 0.545176 
   113    215 0.576088 
   113    233 0.521570 
   114    182 0.249526 
   114    214 0.527641 
   114    220 0.535207 
   115    112 0.537803 
   115    113 0.580293 
   115    137 0.519361 
   116     84 0.515235 
   116     86 0.646835 
   116     88 0.667865 
   116     91 0.552844 
   116     92 0.573188 
   116     96 0.587840 
   116     97 0.524700 
   116    104 0.528995 
   116    105 0.586252 
   116    106 0.532209 
   116    107 0.614765 
   116    109 0.523355 
   116    111 0.544309 
   116    112 0.611420 
   116    113 0.555483 
   116    122 0.586641 
   117    137 0.507686 
   118    119 0.557556 
   118    142 0.514832 
   118    234 0.514890 
   118    239 0.539755 
   119    118 0.557556 
   119    122 0.527864 
   119    128 0.543699 
   119    136 0.548862 
   119    139 0.590132 
   119    196 0.583954 
   119    239 0.544092 
   120     86 0.525367 
   120    103 0.519696 
   120    176 0.517323 
   120    197 0.567509 
   121    112 0.469456 
   122     91 0.535703 
   122     92 0.589646 
   122     95 0.527044 
   122     96 0.610912 
   122     97 0.566507 
   122    102 0.521205 
   122    106 0.528094 
   122    107 0.584221 
   122    108 0.571103 
   122    112 0.572941 
   122    113 0.610131 
   122    116 0.586641 
   122    119 0.527864 
   122    136 0.522089 
   122    142 0.567117 
   122    196 0.563098 
   122    218 0.517603 
   123      6 0.603991 
   123      7 0.545730 
   123     85 0.524558 
   123    239 0.448409 
   124     90 0.534063 
   124    125 0.613853 
   125     90 0.589208 
   125     95 0.536446 
   125    124 0.613853 
   125    126 0.574149 
   126    125 0.574149 
   127    165 0.587848 
   128     11 0.497998 
   128    119 0.543699 
   128    139 0.519084 
   128    239 0.658500 
   128    249 0.401054 
   129    106 0.466406 
   129    247 0.486777 
   129    250 0.522277 
   130    101 0.564902 
   130    136 0.570014 
   130    196 0.577549 
   130    235 0.573991 
   130    239 0.526888 
   131    174 0.552334 
   131    236 0.725954 
   131    237 0.545528 
   132    139 0.504431 
   133     92 0.556323 
   133     94 0.721112 
   133    134 0.679718 
   133    136 0.548968 
   133    192 0.602369 
   133    195 0.562179 
   133    221 0.660259 
   134    133 0.679718 
   134    135 0.594200 
   134    221 0.762042 
   135    134 0.594200 
   135    136 0.522022 
   135    199 0.499058 
   135    221 0.564132 
   136     89 0.571213 
   136     94 0.551346 
   136     96 0.561469 
   136    100 0.524239 
   136    102 0.531389 
   136    119 0.548862 
   136    122 0.522089 
   136    130 0.570014 
   136    133 0.548968 
   136    135 0.522022 
   136    142 0.566144 
   136    196 0.542524 
   136    215 0.562090 
   136    216 0.518526 
   136    218 0.544291 
   136    219 0.567938 
   137     86 0.585674 
   137    112 0.583916 
   137    113 0.549512 
   137    115 0.519361 
   137    117 0.507686 
   137    236 0.542488 
   137    242 0.606207 
   138    174 0.482775 
   139      3 0.502717 
   139    108 0.554173 
   139    119 0.590132 
   139    128 0.519084 
   139    132 0.504431 
   139    239 0.603223 
   140    141 0.582719 
   140    142 0.677023 
   140    172 0.518338 
   141     91 0.517601 
   141    102 0.538311 
   141    140 0.582719 
   141    142 0.759454 
   142      1 0.725012 
   142     91 0.626307 
   142     92 0.514938 
   142     96 0.554794 
   142    102 0.618995 
   142    106 0.522775 
   142    113 0.555502 
   142    118 0.514832 
   142    122 0.567117 
   142    136 0.566144 
   142    140 0.677023 
   142    141 0.759454 
   142    151 0.630077 
   142    163 0.587728 
   142    165 0.583273 
   142    168 0.614501 
   142    172 0.657281 
   142    218 0.560112 
   142    234 0.559517 
   143    148 0.519878 
   143    150 0.530777 
   143    162 0.519160 
   144    148 0.526922 
   144    149 0.562653 
   144    150 0.515543 
   144    151 0.623562 
   144    155 0.648661 
   144    157 0.587670 
   144    159 0.514124 
   144    162 0.657919 
   144    169 0.551202 
   144    172 0.558547 
   144    258 0.581027 
   145     90 0.620202 
   145     93 0.537845 
   145     95 0.531173 
   145    146 0.611780 
   145    151 0.523289 
   145    152 0.626246 
   145    160 0.649906 
   145    163 0.824637 
   145    166 0.556448 
   145    167 0.798958 
   146    145 0.611780 
   146    148 0.517828 
   146    149 0.544263 
   146    151 0.638984 
   146    152 0.552164 
   146    155 0.552482 
   146    159 0.550832 
   146    160 0.610047 
   146    162 0.554058 
   146    166 0.569580 
   146    170 0.532917 
   146    172 0.594115 
   147    149 0.327695 
   148    143 0.519878 
   148    144 0.526922 
   148    146 0.517828 
   148    150 0.533188 
   148    155 0.520975 
   148    160 0.521375 
   148    162 0.542653 
   149      1 0.608992 
   149    144 0.562653 
   149    146 0.544263 
   149    147 0.327695 
   149    151 0.591737 
   149    155 0.671818 
   149    157 0.619860 
   149    162 0.659592 
   149    164 0.574393 
   149    166 0.545114 
   149    168 0.604247 
   149    169 0.649300 
   149    171 0.597843 
   149    172 0.676066 
   149    173 0.528496 
   149    258 0.569604 
   149    263 0.591249 
   150    143 0.530777 
   150    144 0.515543 
   150    148 0.533188 
   150    151 0.544675 
   150    155 0.533741 
   150    162 0.519254 
   150    168 0.533727 
   150    172 0.563714 
   151    142 0.630077 
   151    144 0.623562 
   151    145 0.523289 
   151    146 0.638984 
   151    149 0.591737 
   151    150 0.544675 
   151    153 0.525844 
   151    155 0.609781 
   151    157 0.583276 
   151    159 0.533563 
   151    160 0.537180 
   151    161 0.527176 
   151    162 0.665865 
   151    164 0.561482 
   151    165 0.615246 
   151    166 0.608393 
   151    168 0.546309 
   151    169 0.517963 
   151    170 0.539834 
   151    172 0.759938 
   151    185 0.496958 
   151    258 0.635027 
   151    263 0.537836 
   152    145 0.626246 
   152    146 0.552164 
   152    160 0.585417 
   152    163 0.569532 
   152    167 0.617650 
   153      1 0.540190 
   153    151 0.525844 
   153    158 0.594955 
   153    161 0.572009 
   153    165 0.551410 
   153    168 0.541158 
   153    172 0.584275 
   153    173 0.555352 
   154    168 0.471988 
   155    144 0.648661 
   155    146 0.552482 
   155    148 0.520975 
   155    149 0.671818 
   155    150 0.533741 
   155    151 0.609781 
   155    156 0.580161 
   155    157 0.661464 
   155    159 0.605884 
   155    160 0.591151 
   155    162 0.733199 
   155    166 0.619720 
   155    169 0.580120 
   155    172 0.577701 
   155    258 0.560816 
   155    263 0.586945 
   156    155 0.580161 
   156    159 0.651337 
   156    162 0.594394 
   156    166 0.554892 
   157    144 0.587670 
   157    149 0.619860 
   157    151 0.583276 
   157    155 0.661464 
   157    162 0.663277 
   157    166 0.595536 
   157    168 0.527197 
   157    169 0.612586 
   157    172 0.596799 
   157    258 0.540997 
   157    263 0.524108 
   158    153 0.594955 
   158    164 0.550765 
   158    165 0.514899 
   158    168 0.568931 
   158    170 0.567081 
   158    171 0.580911 
   158    172 0.602942 
   158    173 0.524228 
   159    144 0.514124 
   159    146 0.550832 
   159    151 0.533563 
   159    155 0.605884 
   159    156 0.651337 
   159    160 0.535115 
   159    162 0.607380 
   159    166 0.641485 
   159    172 0.539703 
   160    145 0.649906 
   160    146 0.610047 
   160    148 0.521375 
   160    151 0.537180 
   160    152 0.585417 
   160    155 0.591151 
   160    159 0.535115 
   160    162 0.566314 
   160    163 0.573304 
   160    166 0.522640 
   160    167 0.524249 
   161    151 0.527176 
   161    153 0.572009 
   161    164 0.542207 
   161    165 0.584175 
   161    168 0.546005 
   161    170 0.541147 
   161    172 0.559808 
   161    262 0.505415 
   162    143 0.519160 
   162    144 0.657919 
   162    146 0.554058 
   162    148 0.542653 
   162    149 0.659592 
   162    150 0.519254 
   162    151 0.665865 
   162    155 0.733199 
   162    156 0.594394 
   162    157 0.663277 
   162    159 0.607380 
   162    160 0.566314 
   162    166 0.589565 
   162    168 0.525805 
   162    169 0.574560 
   162    172 0.642467 
   162    258 0.602737 
   163      1 0.529280 
   163     90 0.693827 
   163     91 0.566688 
   163     92 0.516837 
   163     93 0.570618 
   163     95 0.663758 
   163    142 0.587728 
   163    145 0.824637 
   163    152 0.569532 
   163    160 0.573304 
   163    166 0.527197 
   163    167 0.859499 
   163    224 0.543275 
   164      1 0.529217 
   164    149 0.574393 
   164    151 0.561482 
   164    158 0.550765 
   164    161 0.542207 
   164    165 0.607267 
   164    168 0.573899 
   164    170 0.579711 
   164    171 0.520949 
   164    172 0.627252 
   164    257 0.555516 
   165      1 0.592030 
   165    127 0.587848 
   165    142 0.583273 
   165    151 0.615246 
   165    153 0.551410 
   165    158 0.514899 
   165    161 0.584175 
   165    164 0.607267 
   165    168 0.557984 
   165    172 0.628667 
   165    183 0.489800 
   165    244 0.516195 
   165    246 0.501286 
   166     14 0.368362 
   166    145 0.556448 
   166    146 0.569580 
   166    149 0.545114 
   166    151 0.608393 
   166    155 0.619720 
   166    156 0.554892 
   166    157 0.595536 
   166    159 0.641485 
   166    160 0.522640 
   166    162 0.589565 
   166    163 0.527197 
   166    172 0.568743 
   166    258 0.538744 
   167     90 0.678188 
   167     95 0.596151 
   167    112 0.527974 
   167    145 0.798958 
   167    152 0.617650 
   167    160 0.524249 
   167    163 0.859499 
   167    224 0.589871 
   167    234 0.528984 
   168      1 0.699644 
   168    142 0.614501 
   168    149 0.604247 
   168    150 0.533727 
   168    151 0.546309 
   168    153 0.541158 
   168    154 0.471988 
   168    157 0.527197 
   168    158 0.568931 
   168    161 0.546005 
   168    162 0.525805 
   168    164 0.573899 
   168    165 0.557984 
   168    169 0.616738 
   168    171 0.556999 
   168    172 0.770821 
   169      1 0.557852 
   169    144 0.551202 
   169    149 0.649300 
   169    151 0.517963 
   169    155 0.580120 
   169    157 0.612586 
   169    162 0.574560 
   169    168 0.616738 
   169    172 0.644302 
   170    146 0.532917 
   170    151 0.539834 
   170    158 0.567081 
   170    161 0.541147 
   170    164 0.579711 
   170    172 0.527407 
   171      1 0.556992 
   171    149 0.597843 
   171    158 0.580911 
   171    164 0.520949 
   171    168 0.556999 
   171    172 0.519003 
   171    173 0.592100 
   172      1 0.682926 
   172    140 0.518338 
   172    142 0.657281 
   172    144 0.558547 
   172    146 0.594115 
   172    149 0.676066 
   172    150 0.563714 
   172    151 0.759938 
   172    153 0.584275 
   172    155 0.577701 
   172    157 0.596799 
   172    158 0.602942 
   172    159 0.539703 
   172    161 0.559808 
   172    162 0.642467 
   172    164 0.627252 
   172    165 0.628667 
   172    166 0.568743 
   172    168 0.770821 
   172    169 0.644302 
   172    170 0.527407 
   172    171 0.519003 
   172    173 0.520828 
   172    254 0.435156 
   172    258 0.571406 
   173    149 0.528496 
   173    153 0.555352 
   173    158 0.524228 
   173    171 0.592100 
   173    172 0.520828 
   174     87 0.520564 
   174    112 0.516770 
   174    131 0.552334 
   174    138 0.482775 
   174    178 0.534204 
   174    261 0.638171 
   175     89 0.537377 
   175     92 0.536665 
   175    186 0.583431 
   175    192 0.548956 
   175    193 0.538965 
   175    194 0.521590 
   175    218 0.523639 
   176    120 0.517323 
   176    187 0.604335 
   176    198 0.546676 
   176    202 0.521605 
   177    188 0.566188 
   177    190 0.639603 
   177    204 0.606688 
   177    220 0.606448 
   178     87 0.562100 
   178    100 0.603606 
   178    103 0.558053 
   178    174 0.534204 
   178    193 0.680265 
   178    197 0.524564 
   179     87 0.473231 
   180      3 0.530379 
   181      3 0.434945 
   182    114 0.249526 
   183    165 0.489800 
   183    243 0.424221 
   184    112 0.446608 
   185    151 0.496958 
   186     87 0.616901 
   186     92 0.533421 
   186    175 0.583431 
   186    190 0.583052 
   186    192 0.683072 
   186    193 0.564375 
   186    194 0.559028 
   186    200 0.618849 
   186    202 0.647891 
   186    216 0.551019 
   187    176 0.604335 
   187    195 0.543749 
   187    197 0.528488 
   187    198 0.549258 
   187    201 0.564726 
   187    202 0.587882 
   188    177 0.566188 
   188    190 0.635106 
   188    220 0.665869 
   189    190 0.522006 
   190    177 0.639603 
   190    186 0.583052 
   190    188 0.635106 
   190    189 0.522006 
   190    192 0.646823 
   190    200 0.594632 
   190    202 0.628081 
   190    204 0.593869 
   190    213 0.546916 
   190    216 0.586475 
   190    220 0.577997 
   191    259 0.467340 
   192     87 0.571208 
   192     92 0.551747 
   192     94 0.590955 
   192    133 0.602369 
   192    175 0.548956 
   192    186 0.683072 
   192    190 0.646823 
   192    193 0.565894 
   192    194 0.582507 
   192    195 0.576943 
   192    200 0.594901 
   192    202 0.521078 
   193     87 0.613603 
   193     92 0.615369 
   193     96 0.552436 
   193     97 0.522938 
   193    100 0.595518 
   193    175 0.538965 
   193    178 0.680265 
   193    186 0.564375 
   193    192 0.565894 
   193    194 0.577084 
   194     87 0.566879 
   194     92 0.573117 
   194     95 0.520521 
   194    175 0.521590 
   194    186 0.559028 
   194    192 0.582507 
   194    193 0.577084 
   195     87 0.548756 
   195    133 0.562179 
   195    187 0.543749 
   195    192 0.576943 
   195    197 0.554225 
   195    202 0.521449 
   196     86 0.537269 
   196     92 0.516652 
   196     96 0.633682 
   196    102 0.529589 
   196    112 0.531016 
   196    113 0.545176 
   196    119 0.583954 
   196    122 0.563098 
   196    130 0.577549 
   196    136 0.542524 
   197     86 0.629961 
   197     87 0.579969 
   197     88 0.531258 
   197     99 0.547387 
   197    103 0.639833 
   197    104 0.527107 
   197    112 0.549020 
   197    120 0.567509 
   197    178 0.524564 
   197    187 0.528488 
   197    195 0.554225 
   198    176 0.546676 
   198    187 0.549258 
   199    135 0.499058 
   200    186 0.618849 
   200    190 0.594632 
   200    192 0.594901 
   200    202 0.615250 
   201     86 0.541236 
   201    104 0.534625 
   201    112 0.659189 
   201    187 0.564726 
   201    202 0.593403 
   202     87 0.577247 
   202    112 0.527178 
   202    176 0.521605 
   202    186 0.647891 
   202    187 0.587882 
   202    190 0.628081 
   202    192 0.521078 
   202    195 0.521449 
   202    200 0.615250 
   202    201 0.593403 
   202    213 0.634678 
   202    216 0.636107 
   203    259 0.496573 
   204    177 0.606688 
   204    190 0.593869 
   204    215 0.541698 
   204    219 0.622158 
   205    235 0.530501 
   206     59 0.537262 
   207    216 0.453756 
   208    209 0.592919 
   209    208 0.592919 
   209    211 0.532891 
   209    216 0.554872 
   210    224 0.301315 
   211    209 0.532891 
   212     59 0.430379 
   213     54 0.554374 
   213    190 0.546916 
   213    202 0.634678 
   213    216 0.608499 
   214    114 0.527641 
   214    219 0.560033 
   214    220 0.688367 
   215    108 0.600531 
   215    112 0.551533 
   215    113 0.576088 
   215    136 0.562090 
   215    204 0.541698 
   215    216 0.571704 
   215    217 0.573385 
   216     54 0.532059 
   216    136 0.518526 
   216    186 0.551019 
   216    190 0.586475 
   216    202 0.636107 
   216    207 0.453756 
   216    209 0.554872 
   216    213 0.608499 
   216    215 0.571704 
   217     59 0.548937 
   217    215 0.573385 
   218     75 0.563476 
   218     89 0.751675 
   218     92 0.553186 
   218     96 0.665508 
   218     97 0.646802 
   218    122 0.517603 
   218    136 0.544291 
   218    142 0.560112 
   218    175 0.523639 
   219    101 0.522573 
   219    108 0.540098 
   219    136 0.567938 
   219    204 0.622158 
   219    214 0.560033 
   219    235 0.547542 
   220    114 0.535207 
   220    177 0.606448 
   220    188 0.665869 
   220    190 0.577997 
   220    214 0.688367 
   221    133 0.660259 
   221    134 0.762042 
   221    135 0.564132 
   222     52 0.486543 
   222    226 0.539250 
   223    224 0.472345 
   224     90 0.533828 
   224     91 0.520146 
   224     95 0.577157 
   224    163 0.543275 
   224    167 0.589871 
   224    210 0.301315 
   224    223 0.472345 
   224    225 0.683647 
   224    228 0.590796 
   224    233 0.556386 
   224    234 0.647364 
   225    224 0.683647 
   225    234 0.574092 
   226    222 0.539250 
   227    230 0.587777 
   228    224 0.590796 
   228    233 0.665130 
   228    234 0.705402 
   229    231 0.516010 
   229    232 0.452602 
   230    227 0.587777 
   230    231 0.520708 
   231     60 0.461198 
   231    229 0.516010 
   231    230 0.520708 
   232    229 0.452602 
   233    112 0.519327 
   233    113 0.521570 
   233    224 0.556386 
   233    228 0.665130 
   233    234 0.689171 
   234     73 0.409880 
   234     78 0.376093 
   234    112 0.528524 
   234    118 0.514890 
   234    142 0.559517 
   234    167 0.528984 
   234    224 0.647364 
   234    225 0.574092 
   234    228 0.705402 
   234    233 0.689171 
   235    101 0.626934 
   235    130 0.573991 
   235    205 0.530501 
   235    219 0.547542 
   235    240 0.497099 
   235    264 0.446508 
   236    131 0.725954 
   236    137 0.542488 
   236    237 0.723553 
   236    239 0.514300 
   236    242 0.576443 
   237    131 0.545528 
   237    236 0.723553 
   238     65 0.518498 
   239    101 0.530588 
   239    118 0.539755 
   239    119 0.544092 
   239    123 0.448409 
   239    128 0.658500 
   239    130 0.526888 
   239    139 0.603223 
   239    236 0.514300 
   240    235 0.497099 
   241     56 0.540716 
   242    137 0.606207 
   242    236 0.576443 
   243    183 0.424221 
   244    165 0.516195 
   244    245 0.384042 
   245    244 0.384042 
   246    165 0.501286 
   247     10 0.452110 
   247     81 0.505182 
   247    129 0.486777 
   247    248 0.606969 
   248    247 0.606969 
   249    128 0.401054 
   250    129 0.522277 
   251     13 0.657258 
   251     80 0.516435 
   251    263 0.631681 
   252      4 0.327392 
   252    254 0.434518 
   253    254 0.502362 
   254    172 0.435156 
   254    252 0.434518 
   254    253 0.502362 
   255     20 0.568505 
   255     33 0.625527 
   255     40 0.523366 
   256    260 0.464948 
   257    164 0.555516 
   258    144 0.581027 
   258    149 0.569604 
   258    151 0.635027 
   258    155 0.560816 
   258    157 0.540997 
   258    162 0.602737 
   258    166 0.538744 
   258    172 0.571406 
   258    263 0.604132 
   259     20 0.536605 
   259     33 0.582367 
   259    191 0.467340 
   259    203 0.496573 
   259    260 0.480926 
   260    256 0.464948 
   260    259 0.480926 
   261     90 0.563305 
   261     95 0.520180 
   261    112 0.526923 
   261    174 0.638171 
   262    161 0.505415 
   263     13 0.526358 
   263     80 0.561209 
   263    149 0.591249 
   263    151 0.537836 
   263    155 0.586945 
   263    157 0.524108 
   263    251 0.631681 
   263    258 0.604132 
   264    235 0.446508 
