*vertices    264 
     1 "     1" 
     2 "     2" 
     3 "     3" 
     4 "     4" 
     5 "     5" 
     6 "     6" 
     7 "     7" 
     8 "     8" 
     9 "     9" 
    10 "    10" 
    11 "    11" 
    12 "    12" 
    13 "    13" 
    14 "    14" 
    15 "    15" 
    16 "    16" 
    17 "    17" 
    18 "    18" 
    19 "    19" 
    20 "    20" 
    21 "    21" 
    22 "    22" 
    23 "    23" 
    24 "    24" 
    25 "    25" 
    26 "    26" 
    27 "    27" 
    28 "    28" 
    29 "    29" 
    30 "    30" 
    31 "    31" 
    32 "    32" 
    33 "    33" 
    34 "    34" 
    35 "    35" 
    36 "    36" 
    37 "    37" 
    38 "    38" 
    39 "    39" 
    40 "    40" 
    41 "    41" 
    42 "    42" 
    43 "    43" 
    44 "    44" 
    45 "    45" 
    46 "    46" 
    47 "    47" 
    48 "    48" 
    49 "    49" 
    50 "    50" 
    51 "    51" 
    52 "    52" 
    53 "    53" 
    54 "    54" 
    55 "    55" 
    56 "    56" 
    57 "    57" 
    58 "    58" 
    59 "    59" 
    60 "    60" 
    61 "    61" 
    62 "    62" 
    63 "    63" 
    64 "    64" 
    65 "    65" 
    66 "    66" 
    67 "    67" 
    68 "    68" 
    69 "    69" 
    70 "    70" 
    71 "    71" 
    72 "    72" 
    73 "    73" 
    74 "    74" 
    75 "    75" 
    76 "    76" 
    77 "    77" 
    78 "    78" 
    79 "    79" 
    80 "    80" 
    81 "    81" 
    82 "    82" 
    83 "    83" 
    84 "    84" 
    85 "    85" 
    86 "    86" 
    87 "    87" 
    88 "    88" 
    89 "    89" 
    90 "    90" 
    91 "    91" 
    92 "    92" 
    93 "    93" 
    94 "    94" 
    95 "    95" 
    96 "    96" 
    97 "    97" 
    98 "    98" 
    99 "    99" 
   100 "   100" 
   101 "   101" 
   102 "   102" 
   103 "   103" 
   104 "   104" 
   105 "   105" 
   106 "   106" 
   107 "   107" 
   108 "   108" 
   109 "   109" 
   110 "   110" 
   111 "   111" 
   112 "   112" 
   113 "   113" 
   114 "   114" 
   115 "   115" 
   116 "   116" 
   117 "   117" 
   118 "   118" 
   119 "   119" 
   120 "   120" 
   121 "   121" 
   122 "   122" 
   123 "   123" 
   124 "   124" 
   125 "   125" 
   126 "   126" 
   127 "   127" 
   128 "   128" 
   129 "   129" 
   130 "   130" 
   131 "   131" 
   132 "   132" 
   133 "   133" 
   134 "   134" 
   135 "   135" 
   136 "   136" 
   137 "   137" 
   138 "   138" 
   139 "   139" 
   140 "   140" 
   141 "   141" 
   142 "   142" 
   143 "   143" 
   144 "   144" 
   145 "   145" 
   146 "   146" 
   147 "   147" 
   148 "   148" 
   149 "   149" 
   150 "   150" 
   151 "   151" 
   152 "   152" 
   153 "   153" 
   154 "   154" 
   155 "   155" 
   156 "   156" 
   157 "   157" 
   158 "   158" 
   159 "   159" 
   160 "   160" 
   161 "   161" 
   162 "   162" 
   163 "   163" 
   164 "   164" 
   165 "   165" 
   166 "   166" 
   167 "   167" 
   168 "   168" 
   169 "   169" 
   170 "   170" 
   171 "   171" 
   172 "   172" 
   173 "   173" 
   174 "   174" 
   175 "   175" 
   176 "   176" 
   177 "   177" 
   178 "   178" 
   179 "   179" 
   180 "   180" 
   181 "   181" 
   182 "   182" 
   183 "   183" 
   184 "   184" 
   185 "   185" 
   186 "   186" 
   187 "   187" 
   188 "   188" 
   189 "   189" 
   190 "   190" 
   191 "   191" 
   192 "   192" 
   193 "   193" 
   194 "   194" 
   195 "   195" 
   196 "   196" 
   197 "   197" 
   198 "   198" 
   199 "   199" 
   200 "   200" 
   201 "   201" 
   202 "   202" 
   203 "   203" 
   204 "   204" 
   205 "   205" 
   206 "   206" 
   207 "   207" 
   208 "   208" 
   209 "   209" 
   210 "   210" 
   211 "   211" 
   212 "   212" 
   213 "   213" 
   214 "   214" 
   215 "   215" 
   216 "   216" 
   217 "   217" 
   218 "   218" 
   219 "   219" 
   220 "   220" 
   221 "   221" 
   222 "   222" 
   223 "   223" 
   224 "   224" 
   225 "   225" 
   226 "   226" 
   227 "   227" 
   228 "   228" 
   229 "   229" 
   230 "   230" 
   231 "   231" 
   232 "   232" 
   233 "   233" 
   234 "   234" 
   235 "   235" 
   236 "   236" 
   237 "   237" 
   238 "   238" 
   239 "   239" 
   240 "   240" 
   241 "   241" 
   242 "   242" 
   243 "   243" 
   244 "   244" 
   245 "   245" 
   246 "   246" 
   247 "   247" 
   248 "   248" 
   249 "   249" 
   250 "   250" 
   251 "   251" 
   252 "   252" 
   253 "   253" 
   254 "   254" 
   255 "   255" 
   256 "   256" 
   257 "   257" 
   258 "   258" 
   259 "   259" 
   260 "   260" 
   261 "   261" 
   262 "   262" 
   263 "   263" 
   264 "   264" 
*edges 
     1      2 0.706014 
     1    142 0.674049 
     1    153 0.655386 
     1    165 0.643892 
     2      1 0.706014 
     2    140 0.640851 
     2    141 0.594504 
     2    142 0.579691 
     3    191 0.451627 
     4    174 0.438582 
     5     76 0.501085 
     6    209 0.532800 
     7    109 0.420376 
     8    179 0.561430 
     9     11 0.342168 
     9     97 0.612210 
     9    189 0.563751 
     9    190 0.619775 
     9    192 0.601439 
    10    247 0.361799 
    11      9 0.342168 
    12    192 0.569215 
    12    199 0.594013 
    13     15 0.697121 
    13     53 0.566830 
    13     54 0.617448 
    13     59 0.645476 
    13    136 0.781085 
    13    204 0.641718 
    13    215 0.600386 
    14    226 0.373205 
    15     13 0.697121 
    15     30 0.585655 
    15     39 0.602017 
    15     40 0.641250 
    15     47 0.633684 
    15     48 0.591201 
    15     50 0.606838 
    15     51 0.482453 
    15     53 0.563728 
    15     54 0.607339 
    15     59 0.668363 
    15    136 0.576762 
    15    215 0.578040 
    15    240 0.538995 
    16     54 0.469977 
    17     31 0.645945 
    17     35 0.573540 
    17     39 0.581727 
    18     39 0.613837 
    19     38 0.596583 
    20     26 0.766338 
    20     27 0.681241 
    20     33 0.774249 
    20     37 0.612670 
    20     69 0.577371 
    21     22 0.578737 
    21     29 0.761099 
    21     36 0.634074 
    21     40 0.717757 
    22     21 0.578737 
    22     30 0.591075 
    22     32 0.740341 
    22     38 0.603152 
    22     40 0.577506 
    23     24 0.583524 
    23     27 0.639488 
    23     30 0.592397 
    23     32 0.618111 
    23     34 0.698547 
    23     35 0.704914 
    23     38 0.629808 
    23     39 0.667819 
    24     23 0.583524 
    24     27 0.673322 
    25     30 0.681229 
    25     32 0.716817 
    25     48 0.600696 
    25     72 0.673871 
    25    256 0.592582 
    26     20 0.766338 
    26     33 0.719398 
    26     72 0.674512 
    27     20 0.681241 
    27     23 0.639488 
    27     24 0.673322 
    27     33 0.633475 
    27     69 0.624757 
    28     34 0.569181 
    28     39 0.609508 
    29     21 0.761099 
    29    141 0.588583 
    29    243 0.429146 
    29    258 0.562906 
    30     15 0.585655 
    30     22 0.591075 
    30     23 0.592397 
    30     25 0.681229 
    30     32 0.780256 
    30     38 0.643417 
    30     39 0.573016 
    30     40 0.577014 
    30     48 0.610266 
    30     49 0.569097 
    30     50 0.661736 
    30     53 0.619096 
    30     54 0.621974 
    31     17 0.645945 
    32     22 0.740341 
    32     23 0.618111 
    32     25 0.716817 
    32     30 0.780256 
    32     35 0.603394 
    32     38 0.681320 
    32     40 0.635349 
    32     49 0.573369 
    32     50 0.580092 
    32    138 0.596717 
    33     20 0.774249 
    33     26 0.719398 
    33     27 0.633475 
    33     37 0.569752 
    33     69 0.585925 
    34     23 0.698547 
    34     28 0.569181 
    34     39 0.669081 
    35     17 0.573540 
    35     23 0.704914 
    35     32 0.603394 
    35     38 0.670877 
    35     39 0.647537 
    35     40 0.610709 
    36     21 0.634074 
    37     20 0.612670 
    37     33 0.569752 
    37    245 0.451427 
    38     19 0.596583 
    38     22 0.603152 
    38     23 0.629808 
    38     30 0.643417 
    38     32 0.681320 
    38     35 0.670877 
    38     39 0.595076 
    38     40 0.629135 
    38     50 0.613049 
    39     15 0.602017 
    39     17 0.581727 
    39     18 0.613837 
    39     23 0.667819 
    39     28 0.609508 
    39     30 0.573016 
    39     34 0.669081 
    39     35 0.647537 
    39     38 0.595076 
    39     40 0.606438 
    39     50 0.584244 
    40     15 0.641250 
    40     21 0.717757 
    40     22 0.577506 
    40     30 0.577014 
    40     32 0.635349 
    40     35 0.610709 
    40     38 0.629135 
    40     39 0.606438 
    40     49 0.694379 
    40     50 0.595798 
    41     42 0.518674 
    42     41 0.518674 
    42     44 0.778036 
    42     45 0.731050 
    43     65 0.572649 
    43     67 0.582875 
    44     42 0.778036 
    44     45 0.748205 
    44     46 0.587728 
    45     42 0.731050 
    45     44 0.748205 
    45     46 0.580268 
    46     44 0.587728 
    46     45 0.580268 
    46     65 0.585151 
    46     67 0.577375 
    47     15 0.633684 
    47     48 0.580412 
    47     53 0.578343 
    47     54 0.729223 
    47     55 0.563845 
    47     59 0.631045 
    48     15 0.591201 
    48     25 0.600696 
    48     30 0.610266 
    48     47 0.580412 
    48     53 0.643077 
    48     54 0.681344 
    48     55 0.644165 
    48     59 0.712222 
    48     62 0.587228 
    48     71 0.572945 
    48    244 0.499146 
    49     30 0.569097 
    49     32 0.573369 
    49     40 0.694379 
    49     50 0.609552 
    50     15 0.606838 
    50     30 0.661736 
    50     32 0.580092 
    50     38 0.613049 
    50     39 0.584244 
    50     40 0.595798 
    50     49 0.609552 
    50     53 0.596258 
    51     15 0.482453 
    52     60 0.606632 
    53     13 0.566830 
    53     15 0.563728 
    53     30 0.619096 
    53     47 0.578343 
    53     48 0.643077 
    53     50 0.596258 
    53     54 0.632172 
    54     13 0.617448 
    54     15 0.607339 
    54     16 0.469977 
    54     30 0.621974 
    54     47 0.729223 
    54     48 0.681344 
    54     53 0.632172 
    54     59 0.709566 
    54    215 0.572157 
    55     47 0.563845 
    55     48 0.644165 
    55     72 0.632621 
    56     58 0.771727 
    56    215 0.603093 
    57    231 0.627132 
    58     56 0.771727 
    58     59 0.580195 
    58    213 0.615982 
    58    215 0.681426 
    58    216 0.585639 
    58    242 0.601686 
    59     13 0.645476 
    59     15 0.668363 
    59     47 0.631045 
    59     48 0.712222 
    59     54 0.709566 
    59     58 0.580195 
    59     60 0.579375 
    59    205 0.563945 
    59    212 0.619874 
    59    215 0.705847 
    59    216 0.631724 
    59    217 0.602766 
    60     52 0.606632 
    60     59 0.579375 
    60    209 0.547946 
    60    215 0.608301 
    60    216 0.598505 
    61    223 0.398390 
    62     48 0.587228 
    63     65 0.592469 
    63     66 0.581178 
    63     71 0.667863 
    64     66 0.546564 
    65     43 0.572649 
    65     46 0.585151 
    65     63 0.592469 
    65     67 0.755931 
    65     70 0.672368 
    65     71 0.650024 
    65    237 0.697310 
    66     63 0.581178 
    66     64 0.546564 
    67     43 0.582875 
    67     46 0.577375 
    67     65 0.755931 
    68     69 0.519581 
    69     20 0.577371 
    69     27 0.624757 
    69     33 0.585925 
    69     68 0.519581 
    69     72 0.602107 
    70     65 0.672368 
    70     71 0.639727 
    71     48 0.572945 
    71     63 0.667863 
    71     65 0.650024 
    71     70 0.639727 
    72     25 0.673871 
    72     26 0.674512 
    72     55 0.632621 
    72     69 0.602107 
    72    256 0.618146 
    73    229 0.488677 
    74     79 0.630342 
    74     94 0.714267 
    74     95 0.588158 
    74    134 0.578243 
    75     78 0.470586 
    75     95 0.427048 
    76      5 0.501085 
    76     85 0.596673 
    76     88 0.692628 
    76     89 0.651930 
    76     92 0.639025 
    76    105 0.632213 
    76    106 0.608421 
    76    107 0.657654 
    76    108 0.697351 
    76    109 0.786115 
    76    110 0.693763 
    76    113 0.574653 
    77    109 0.385347 
    78     75 0.470586 
    79     74 0.630342 
    79     89 0.593329 
    79     98 0.570902 
    79     99 0.665603 
    79    100 0.605050 
    79    104 0.585834 
    79    105 0.600907 
    79    106 0.633970 
    79    115 0.596830 
    79    118 0.648689 
    79    130 0.573288 
    80    136 0.590710 
    80    251 0.645454 
    81    129 0.507440 
    82     95 0.367246 
    83     84 0.552398 
    83    105 0.555617 
    84     83 0.552398 
    85     76 0.596673 
    85    108 0.620159 
    85    137 0.624093 
    85    211 0.548656 
    85    248 0.452292 
    85    249 0.434482 
    86     87 0.655201 
    86     96 0.588709 
    86     99 0.571970 
    86    112 0.692394 
    86    118 0.599380 
    86    119 0.611672 
    87     86 0.655201 
    87     94 0.600912 
    87    133 0.582076 
    87    134 0.578784 
    87    174 0.571304 
    87    184 0.545245 
    87    192 0.627571 
    87    194 0.631026 
    87    195 0.607507 
    87    199 0.564198 
    87    202 0.575217 
    87    220 0.652891 
    87    261 0.568302 
    88     76 0.692628 
    88     89 0.853828 
    88     90 0.643818 
    88     92 0.841016 
    88    100 0.619048 
    88    104 0.652993 
    88    105 0.626321 
    88    106 0.657382 
    88    107 0.636098 
    88    108 0.597376 
    88    109 0.655138 
    88    113 0.571956 
    88    115 0.597345 
    88    130 0.622392 
    88    134 0.563448 
    88    135 0.677638 
    88    185 0.476403 
    89     76 0.651930 
    89     79 0.593329 
    89     88 0.853828 
    89     92 0.833547 
    89     96 0.606449 
    89     98 0.571175 
    89    100 0.620479 
    89    102 0.586051 
    89    104 0.630056 
    89    105 0.660397 
    89    106 0.698629 
    89    107 0.606952 
    89    108 0.657724 
    89    109 0.618547 
    89    115 0.564543 
    89    130 0.768974 
    89    134 0.570113 
    89    135 0.806516 
    90     88 0.643818 
    90     91 0.630089 
    90     92 0.601647 
    90     93 0.658102 
    90     94 0.603720 
    90     95 0.804243 
    91     90 0.630089 
    91     95 0.609223 
    92     76 0.639025 
    92     88 0.841016 
    92     89 0.833547 
    92     90 0.601647 
    92     94 0.590405 
    92    100 0.586411 
    92    104 0.578770 
    92    105 0.586915 
    92    106 0.615260 
    92    107 0.573651 
    92    109 0.588410 
    92    115 0.581895 
    92    130 0.651279 
    92    134 0.594012 
    92    135 0.687427 
    93     90 0.658102 
    93     95 0.773618 
    93    136 0.609329 
    93    159 0.643103 
    94     74 0.714267 
    94     87 0.600912 
    94     90 0.603720 
    94     92 0.590405 
    94     95 0.650254 
    94    110 0.570005 
    94    133 0.716457 
    94    134 0.660297 
    94    136 0.660711 
    94    221 0.623256 
    94    261 0.563581 
    95     74 0.588158 
    95     75 0.427048 
    95     82 0.367246 
    95     90 0.804243 
    95     91 0.609223 
    95     93 0.773618 
    95     94 0.650254 
    95    124 0.581008 
    95    136 0.604037 
    96     86 0.588709 
    96     89 0.606449 
    96    102 0.582683 
    96    106 0.581380 
    96    119 0.598126 
    96    130 0.836019 
    96    135 0.713659 
    96    218 0.748456 
    97      9 0.612210 
    97    101 0.618902 
    97    177 0.579456 
    97    178 0.634134 
    97    189 0.707457 
    97    190 0.707124 
    97    192 0.582840 
    97    193 0.578531 
    97    194 0.586326 
    97    220 0.569377 
    98     79 0.570902 
    98     89 0.571175 
    98     99 0.618513 
    98    100 0.674308 
    98    102 0.605210 
    98    104 0.697287 
    98    105 0.677902 
    98    106 0.695070 
    98    107 0.580940 
    98    108 0.579743 
    98    109 0.596219 
    98    115 0.592752 
    98    137 0.571358 
    99     79 0.665603 
    99     86 0.571970 
    99     98 0.618513 
    99    106 0.576112 
    99    112 0.657626 
    99    115 0.609549 
    99    118 0.660815 
    99    242 0.652454 
   100     79 0.605050 
   100     88 0.619048 
   100     89 0.620479 
   100     92 0.586411 
   100     98 0.674308 
   100    103 0.603387 
   100    104 0.583482 
   100    105 0.588646 
   100    106 0.571120 
   100    115 0.575619 
   101     97 0.618902 
   102     89 0.586051 
   102     96 0.582683 
   102     98 0.605210 
   102    104 0.663431 
   102    105 0.721906 
   102    106 0.816134 
   102    108 0.649692 
   102    121 0.685872 
   102    130 0.679571 
   102    135 0.563314 
   103    100 0.603387 
   104     79 0.585834 
   104     88 0.652993 
   104     89 0.630056 
   104     92 0.578770 
   104     98 0.697287 
   104    100 0.583482 
   104    102 0.663431 
   104    105 0.722428 
   104    106 0.750000 
   104    107 0.600279 
   104    109 0.618929 
   104    113 0.567507 
   104    115 0.727907 
   104    130 0.567995 
   104    219 0.595822 
   105     76 0.632213 
   105     79 0.600907 
   105     83 0.555617 
   105     88 0.626321 
   105     89 0.660397 
   105     92 0.586915 
   105     98 0.677902 
   105    100 0.588646 
   105    102 0.721906 
   105    104 0.722428 
   105    106 0.882953 
   105    107 0.677268 
   105    108 0.674955 
   105    109 0.626759 
   105    113 0.661542 
   105    115 0.676449 
   105    121 0.580868 
   105    123 0.451120 
   105    130 0.600061 
   105    132 0.574893 
   105    239 0.604335 
   105    241 0.514008 
   106     76 0.608421 
   106     79 0.633970 
   106     88 0.657382 
   106     89 0.698629 
   106     92 0.615260 
   106     96 0.581380 
   106     98 0.695070 
   106     99 0.576112 
   106    100 0.571120 
   106    102 0.816134 
   106    104 0.750000 
   106    105 0.882953 
   106    107 0.639046 
   106    108 0.654124 
   106    109 0.614184 
   106    113 0.607339 
   106    115 0.692782 
   106    121 0.625878 
   106    130 0.667008 
   106    135 0.569596 
   106    239 0.573200 
   107     76 0.657654 
   107     88 0.636098 
   107     89 0.606952 
   107     92 0.573651 
   107     98 0.580940 
   107    104 0.600279 
   107    105 0.677268 
   107    106 0.639046 
   107    108 0.571511 
   107    109 0.674622 
   107    110 0.596601 
   107    111 0.569878 
   107    113 0.708732 
   107    115 0.697272 
   107    215 0.588067 
   108     76 0.697351 
   108     85 0.620159 
   108     88 0.597376 
   108     89 0.657724 
   108     98 0.579743 
   108    102 0.649692 
   108    105 0.674955 
   108    106 0.654124 
   108    107 0.571511 
   108    109 0.671020 
   108    130 0.630045 
   108    137 0.580688 
   109      7 0.420376 
   109     76 0.786115 
   109     77 0.385347 
   109     88 0.655138 
   109     89 0.618547 
   109     92 0.588410 
   109     98 0.596219 
   109    104 0.618929 
   109    105 0.626759 
   109    106 0.614184 
   109    107 0.674622 
   109    108 0.671020 
   109    110 0.646598 
   109    113 0.657192 
   109    115 0.621511 
   109    132 0.622630 
   110     76 0.693763 
   110     94 0.570005 
   110    107 0.596601 
   110    109 0.646598 
   111    107 0.569878 
   111    113 0.563107 
   111    115 0.600565 
   112     86 0.692394 
   112     99 0.657626 
   112    113 0.569121 
   112    115 0.648767 
   112    118 0.626522 
   112    119 0.580397 
   112    120 0.633111 
   112    202 0.571075 
   112    214 0.669796 
   112    242 0.708531 
   113     76 0.574653 
   113     88 0.571956 
   113    104 0.567507 
   113    105 0.661542 
   113    106 0.607339 
   113    107 0.708732 
   113    109 0.657192 
   113    111 0.563107 
   113    112 0.569121 
   113    115 0.692175 
   113    214 0.597711 
   113    215 0.731884 
   113    242 0.612702 
   114    214 0.607697 
   115     79 0.596830 
   115     88 0.597345 
   115     89 0.564543 
   115     92 0.581895 
   115     98 0.592752 
   115     99 0.609549 
   115    100 0.575619 
   115    104 0.727907 
   115    105 0.676449 
   115    106 0.692782 
   115    107 0.697272 
   115    109 0.621511 
   115    111 0.600565 
   115    112 0.648767 
   115    113 0.692175 
   115    132 0.585712 
   115    214 0.626706 
   115    215 0.599285 
   115    219 0.573271 
   116    121 0.494465 
   117    238 0.447168 
   118     79 0.648689 
   118     86 0.599380 
   118     99 0.660815 
   118    112 0.626522 
   118    242 0.707312 
   119     86 0.611672 
   119     96 0.598126 
   119    112 0.580397 
   119    120 0.583167 
   119    192 0.669435 
   119    196 0.588901 
   119    218 0.596283 
   120    112 0.633111 
   120    119 0.583167 
   121    102 0.685872 
   121    105 0.580868 
   121    106 0.625878 
   121    116 0.494465 
   121    130 0.610832 
   121    139 0.566149 
   122    216 0.508289 
   123    105 0.451120 
   124     95 0.581008 
   124    125 0.629620 
   124    126 0.510476 
   125    124 0.629620 
   126    124 0.510476 
   127    184 0.404910 
   128    247 0.523558 
   129     81 0.507440 
   129    239 0.403260 
   130     79 0.573288 
   130     88 0.622392 
   130     89 0.768974 
   130     92 0.651279 
   130     96 0.836019 
   130    102 0.679571 
   130    104 0.567995 
   130    105 0.600061 
   130    106 0.667008 
   130    108 0.630045 
   130    121 0.610832 
   130    135 0.780588 
   130    218 0.624560 
   131    219 0.407932 
   132    105 0.574893 
   132    109 0.622630 
   132    115 0.585712 
   133     87 0.582076 
   133     94 0.716457 
   133    134 0.693050 
   133    221 0.821515 
   134     74 0.578243 
   134     87 0.578784 
   134     88 0.563448 
   134     89 0.570113 
   134     92 0.594012 
   134     94 0.660297 
   134    133 0.693050 
   134    135 0.690989 
   134    221 0.718959 
   135     88 0.677638 
   135     89 0.806516 
   135     92 0.687427 
   135     96 0.713659 
   135    102 0.563314 
   135    106 0.569596 
   135    130 0.780588 
   135    134 0.690989 
   136     13 0.781085 
   136     15 0.576762 
   136     80 0.590710 
   136     93 0.609329 
   136     94 0.660711 
   136     95 0.604037 
   136    166 0.562629 
   136    203 0.546618 
   136    204 0.586251 
   136    251 0.651014 
   137     85 0.624093 
   137     98 0.571358 
   137    108 0.580688 
   137    139 0.602319 
   138     32 0.596717 
   138    202 0.568574 
   138    213 0.585488 
   138    219 0.563811 
   139    121 0.566149 
   139    137 0.602319 
   139    175 0.605865 
   139    218 0.633136 
   140      2 0.640851 
   140    141 0.849085 
   140    145 0.738811 
   140    146 0.648508 
   140    152 0.629144 
   140    156 0.684493 
   140    158 0.628835 
   140    163 0.624231 
   140    165 0.734917 
   140    170 0.781102 
   140    192 0.564332 
   140    194 0.598524 
   141      2 0.594504 
   141     29 0.588583 
   141    140 0.849085 
   141    156 0.588970 
   141    165 0.641418 
   141    179 0.614659 
   142      1 0.674049 
   142      2 0.579691 
   142    153 0.602670 
   142    164 0.555333 
   142    165 0.675888 
   142    172 0.587212 
   142    183 0.525990 
   143    146 0.449676 
   144    169 0.434353 
   145    140 0.738811 
   145    146 0.808780 
   145    148 0.577673 
   145    152 0.800194 
   145    156 0.627650 
   145    160 0.573656 
   145    163 0.797967 
   145    167 0.614055 
   145    170 0.919238 
   146    140 0.648508 
   146    143 0.449676 
   146    145 0.808780 
   146    148 0.602584 
   146    151 0.581765 
   146    152 0.754258 
   146    156 0.606182 
   146    158 0.615689 
   146    160 0.573502 
   146    163 0.733162 
   146    167 0.742563 
   146    170 0.844133 
   147    149 0.575053 
   147    155 0.602396 
   147    162 0.582635 
   147    168 0.565345 
   148    145 0.577673 
   148    146 0.602584 
   148    149 0.600643 
   148    151 0.627438 
   148    152 0.690100 
   148    155 0.587975 
   148    156 0.660201 
   148    160 0.567342 
   148    162 0.719384 
   148    163 0.653643 
   148    167 0.638064 
   148    168 0.614384 
   148    172 0.622087 
   149    147 0.575053 
   149    148 0.600643 
   149    150 0.603523 
   149    151 0.586225 
   149    153 0.598268 
   149    155 0.770932 
   149    156 0.581139 
   149    162 0.761404 
   149    168 0.706454 
   149    169 0.708741 
   149    171 0.582889 
   149    172 0.605733 
   149    258 0.588546 
   150    149 0.603523 
   150    153 0.649034 
   150    155 0.648942 
   150    161 0.601727 
   150    162 0.692223 
   150    165 0.567224 
   150    168 0.702943 
   150    169 0.583901 
   150    171 0.571454 
   151    146 0.581765 
   151    148 0.627438 
   151    149 0.586225 
   151    155 0.583712 
   151    162 0.600655 
   151    167 0.610063 
   152    140 0.629144 
   152    145 0.800194 
   152    146 0.754258 
   152    148 0.690100 
   152    156 0.676629 
   152    160 0.674517 
   152    162 0.576237 
   152    163 0.796050 
   152    167 0.656560 
   152    170 0.754550 
   153      1 0.655386 
   153    142 0.602670 
   153    149 0.598268 
   153    150 0.649034 
   153    155 0.638191 
   153    156 0.591919 
   153    161 0.642953 
   153    162 0.666683 
   153    163 0.565520 
   153    165 0.646097 
   153    168 0.685687 
   153    171 0.571137 
   153    172 0.644203 
   153    173 0.557771 
   154    179 0.550905 
   155    147 0.602396 
   155    148 0.587975 
   155    149 0.770932 
   155    150 0.648942 
   155    151 0.583712 
   155    153 0.638191 
   155    156 0.574407 
   155    157 0.565381 
   155    162 0.780997 
   155    167 0.586754 
   155    168 0.803311 
   155    169 0.636825 
   155    171 0.609876 
   156    140 0.684493 
   156    141 0.588970 
   156    145 0.627650 
   156    146 0.606182 
   156    148 0.660201 
   156    149 0.581139 
   156    152 0.676629 
   156    153 0.591919 
   156    155 0.574407 
   156    157 0.584488 
   156    159 0.617729 
   156    160 0.629411 
   156    162 0.632350 
   156    163 0.774437 
   156    165 0.647009 
   156    167 0.641728 
   156    168 0.596416 
   156    170 0.610662 
   156    172 0.618139 
   156    258 0.581911 
   157    155 0.565381 
   157    156 0.584488 
   157    162 0.563487 
   158    140 0.628835 
   158    146 0.615689 
   158    170 0.626549 
   159     93 0.643103 
   159    156 0.617729 
   159    163 0.710934 
   159    166 0.742305 
   159    221 0.609243 
   160    145 0.573656 
   160    146 0.573502 
   160    148 0.567342 
   160    152 0.674517 
   160    156 0.629411 
   160    163 0.708672 
   161    150 0.601727 
   161    153 0.642953 
   161    168 0.613611 
   161    257 0.306650 
   162    147 0.582635 
   162    148 0.719384 
   162    149 0.761404 
   162    150 0.692223 
   162    151 0.600655 
   162    152 0.576237 
   162    153 0.666683 
   162    155 0.780997 
   162    156 0.632350 
   162    157 0.563487 
   162    163 0.568104 
   162    167 0.635216 
   162    168 0.818905 
   162    169 0.687459 
   162    171 0.628732 
   162    172 0.652745 
   163    140 0.624231 
   163    145 0.797967 
   163    146 0.733162 
   163    148 0.653643 
   163    152 0.796050 
   163    153 0.565520 
   163    156 0.774437 
   163    159 0.710934 
   163    160 0.708672 
   163    162 0.568104 
   163    167 0.771036 
   163    170 0.729741 
   164    142 0.555333 
   165      1 0.643892 
   165    140 0.734917 
   165    141 0.641418 
   165    142 0.675888 
   165    150 0.567224 
   165    153 0.646097 
   165    156 0.647009 
   165    170 0.563311 
   165    172 0.586481 
   166    136 0.562629 
   166    159 0.742305 
   166    215 0.586709 
   166    221 0.606826 
   167    145 0.614055 
   167    146 0.742563 
   167    148 0.638064 
   167    151 0.610063 
   167    152 0.656560 
   167    155 0.586754 
   167    156 0.641728 
   167    162 0.635216 
   167    163 0.771036 
   167    170 0.586420 
   168    147 0.565345 
   168    148 0.614384 
   168    149 0.706454 
   168    150 0.702943 
   168    153 0.685687 
   168    155 0.803311 
   168    156 0.596416 
   168    161 0.613611 
   168    162 0.818905 
   168    169 0.634348 
   168    171 0.633376 
   168    172 0.614819 
   169    144 0.434353 
   169    149 0.708741 
   169    150 0.583901 
   169    155 0.636825 
   169    162 0.687459 
   169    168 0.634348 
   169    171 0.573695 
   170    140 0.781102 
   170    145 0.919238 
   170    146 0.844133 
   170    152 0.754550 
   170    156 0.610662 
   170    158 0.626549 
   170    163 0.729741 
   170    165 0.563311 
   170    167 0.586420 
   171    149 0.582889 
   171    150 0.571454 
   171    153 0.571137 
   171    155 0.609876 
   171    162 0.628732 
   171    168 0.633376 
   171    169 0.573695 
   172    142 0.587212 
   172    148 0.622087 
   172    149 0.605733 
   172    153 0.644203 
   172    156 0.618139 
   172    162 0.652745 
   172    165 0.586481 
   172    168 0.614819 
   173    153 0.557771 
   174      4 0.438582 
   174     87 0.571304 
   174    177 0.757415 
   174    187 0.574326 
   174    190 0.641478 
   174    195 0.639042 
   174    198 0.617886 
   174    202 0.609199 
   174    213 0.570810 
   174    220 0.615093 
   174    261 0.602621 
   175    139 0.605865 
   175    201 0.669533 
   176    188 0.573251 
   177     97 0.579456 
   177    174 0.757415 
   177    187 0.579236 
   177    188 0.630745 
   177    189 0.614947 
   177    190 0.716681 
   177    195 0.781670 
   177    198 0.632177 
   177    220 0.709414 
   177    259 0.563569 
   177    261 0.589948 
   178     97 0.634134 
   178    188 0.562769 
   178    260 0.622045 
   178    261 0.595099 
   179      8 0.561430 
   179    141 0.614659 
   179    154 0.550905 
   179    191 0.573336 
   179    199 0.611352 
   179    259 0.562768 
   180    233 0.189528 
   181    202 0.428336 
   182    187 0.451509 
   183    142 0.525990 
   184     87 0.545245 
   184    127 0.404910 
   185     88 0.476403 
   186    191 0.564253 
   186    259 0.604502 
   186    260 0.588679 
   186    262 0.566376 
   187    174 0.574326 
   187    177 0.579236 
   187    182 0.451509 
   187    188 0.642316 
   187    191 0.639397 
   187    195 0.648179 
   187    199 0.638554 
   187    259 0.633444 
   187    260 0.568135 
   188    176 0.573251 
   188    177 0.630745 
   188    178 0.562769 
   188    187 0.642316 
   188    189 0.651047 
   188    191 0.703130 
   188    195 0.619233 
   188    197 0.588635 
   188    199 0.767213 
   188    208 0.558717 
   188    220 0.682212 
   188    259 0.713090 
   188    260 0.716608 
   189      9 0.563751 
   189     97 0.707457 
   189    177 0.614947 
   189    188 0.651047 
   189    190 0.742066 
   189    192 0.681198 
   189    199 0.684704 
   189    200 0.674629 
   189    220 0.660476 
   190      9 0.619775 
   190     97 0.707124 
   190    174 0.641478 
   190    177 0.716681 
   190    189 0.742066 
   190    192 0.706202 
   190    193 0.569629 
   190    195 0.648653 
   190    199 0.631785 
   190    200 0.656885 
   190    220 0.603690 
   191      3 0.451627 
   191    179 0.573336 
   191    186 0.564253 
   191    187 0.639397 
   191    188 0.703130 
   191    199 0.768297 
   191    259 0.747027 
   191    260 0.721716 
   191    262 0.590215 
   192      9 0.601439 
   192     12 0.569215 
   192     87 0.627571 
   192     97 0.582840 
   192    119 0.669435 
   192    140 0.564332 
   192    189 0.681198 
   192    190 0.706202 
   192    193 0.637845 
   192    194 0.739640 
   192    196 0.582614 
   192    199 0.654306 
   192    202 0.579192 
   193     97 0.578531 
   193    190 0.569629 
   193    192 0.637845 
   193    194 0.600222 
   193    196 0.578898 
   194     87 0.631026 
   194     97 0.586326 
   194    140 0.598524 
   194    192 0.739640 
   194    193 0.600222 
   195     87 0.607507 
   195    174 0.639042 
   195    177 0.781670 
   195    187 0.648179 
   195    188 0.619233 
   195    190 0.648653 
   195    199 0.580316 
   195    220 0.716579 
   195    259 0.592047 
   195    261 0.598384 
   196    119 0.588901 
   196    192 0.582614 
   196    193 0.578898 
   197    188 0.588635 
   198    174 0.617886 
   198    177 0.632177 
   198    242 0.579093 
   199     12 0.594013 
   199     87 0.564198 
   199    179 0.611352 
   199    187 0.638554 
   199    188 0.767213 
   199    189 0.684704 
   199    190 0.631785 
   199    191 0.768297 
   199    192 0.654306 
   199    195 0.580316 
   199    202 0.644348 
   199    210 0.563613 
   199    220 0.593396 
   199    255 0.598957 
   199    259 0.700369 
   199    260 0.701620 
   199    261 0.571479 
   200    189 0.674629 
   200    190 0.656885 
   200    206 0.393862 
   201    175 0.669533 
   202     87 0.575217 
   202    112 0.571075 
   202    138 0.568574 
   202    174 0.609199 
   202    181 0.428336 
   202    192 0.579192 
   202    199 0.644348 
   202    210 0.603259 
   202    213 0.785655 
   202    216 0.571849 
   202    224 0.585810 
   202    242 0.594166 
   202    261 0.638661 
   203    136 0.546618 
   204     13 0.641718 
   204    136 0.586251 
   205     59 0.563945 
   205    213 0.656983 
   205    264 0.483867 
   206    200 0.393862 
   207    210 0.589533 
   208    188 0.558717 
   209      6 0.532800 
   209     60 0.547946 
   210    199 0.563613 
   210    202 0.603259 
   210    207 0.589533 
   211     85 0.548656 
   212     59 0.619874 
   212    215 0.712060 
   212    216 0.611455 
   212    217 0.631442 
   213     58 0.615982 
   213    138 0.585488 
   213    174 0.570810 
   213    202 0.785655 
   213    205 0.656983 
   213    215 0.651954 
   213    216 0.588402 
   213    223 0.573607 
   213    224 0.689277 
   213    242 0.666492 
   213    261 0.628193 
   214    112 0.669796 
   214    113 0.597711 
   214    114 0.607697 
   214    115 0.626706 
   214    242 0.624174 
   215     13 0.600386 
   215     15 0.578040 
   215     54 0.572157 
   215     56 0.603093 
   215     58 0.681426 
   215     59 0.705847 
   215     60 0.608301 
   215    107 0.588067 
   215    113 0.731884 
   215    115 0.599285 
   215    166 0.586709 
   215    212 0.712060 
   215    213 0.651954 
   215    216 0.737590 
   215    217 0.669083 
   215    219 0.623988 
   216     58 0.585639 
   216     59 0.631724 
   216     60 0.598505 
   216    122 0.508289 
   216    202 0.571849 
   216    212 0.611455 
   216    213 0.588402 
   216    215 0.737590 
   216    217 0.647060 
   216    219 0.595284 
   217     59 0.602766 
   217    212 0.631442 
   217    215 0.669083 
   217    216 0.647060 
   218     96 0.748456 
   218    119 0.596283 
   218    130 0.624560 
   218    139 0.633136 
   219    104 0.595822 
   219    115 0.573271 
   219    131 0.407932 
   219    138 0.563811 
   219    215 0.623988 
   219    216 0.595284 
   220     87 0.652891 
   220     97 0.569377 
   220    174 0.615093 
   220    177 0.709414 
   220    188 0.682212 
   220    189 0.660476 
   220    190 0.603690 
   220    195 0.716579 
   220    199 0.593396 
   220    259 0.614602 
   221     94 0.623256 
   221    133 0.821515 
   221    134 0.718959 
   221    159 0.609243 
   221    166 0.606826 
   222    223 0.468115 
   222    226 0.737137 
   223     61 0.398390 
   223    213 0.573607 
   223    222 0.468115 
   224    202 0.585810 
   224    213 0.689277 
   224    225 0.643592 
   224    228 0.597310 
   224    231 0.547631 
   225    224 0.643592 
   226     14 0.373205 
   226    222 0.737137 
   227    230 0.763505 
   227    231 0.590618 
   228    224 0.597310 
   228    233 0.644460 
   228    242 0.586520 
   229     73 0.488677 
   229    231 0.560368 
   229    232 0.610528 
   230    227 0.763505 
   230    231 0.649784 
   231     57 0.627132 
   231    224 0.547631 
   231    227 0.590618 
   231    229 0.560368 
   231    230 0.649784 
   232    229 0.610528 
   233    180 0.189528 
   233    228 0.644460 
   233    234 0.435690 
   234    233 0.435690 
   235    240 0.659783 
   235    252 0.502394 
   236    237 0.689852 
   237     65 0.697310 
   237    236 0.689852 
   238    117 0.447168 
   238    239 0.522557 
   239    105 0.604335 
   239    106 0.573200 
   239    129 0.403260 
   239    238 0.522557 
   240     15 0.538995 
   240    235 0.659783 
   241    105 0.514008 
   242     58 0.601686 
   242     99 0.652454 
   242    112 0.708531 
   242    113 0.612702 
   242    118 0.707312 
   242    198 0.579093 
   242    202 0.594166 
   242    213 0.666492 
   242    214 0.624174 
   242    228 0.586520 
   243     29 0.429146 
   243    246 0.519471 
   244     48 0.499146 
   245     37 0.451427 
   246    243 0.519471 
   247     10 0.361799 
   247    128 0.523558 
   247    248 0.805755 
   248     85 0.452292 
   248    247 0.805755 
   248    250 0.435745 
   249     85 0.434482 
   250    248 0.435745 
   251     80 0.645454 
   251    136 0.651014 
   251    263 0.726533 
   252    235 0.502394 
   252    253 0.593590 
   253    252 0.593590 
   253    254 0.601933 
   254    253 0.601933 
   255    199 0.598957 
   255    259 0.589225 
   256     25 0.592582 
   256     72 0.618146 
   257    161 0.306650 
   258     29 0.562906 
   258    149 0.588546 
   258    156 0.581911 
   259    177 0.563569 
   259    179 0.562768 
   259    186 0.604502 
   259    187 0.633444 
   259    188 0.713090 
   259    191 0.747027 
   259    195 0.592047 
   259    199 0.700369 
   259    220 0.614602 
   259    255 0.589225 
   259    260 0.749910 
   260    178 0.622045 
   260    186 0.588679 
   260    187 0.568135 
   260    188 0.716608 
   260    191 0.721716 
   260    199 0.701620 
   260    259 0.749910 
   261     87 0.568302 
   261     94 0.563581 
   261    174 0.602621 
   261    177 0.589948 
   261    178 0.595099 
   261    195 0.598384 
   261    199 0.571479 
   261    202 0.638661 
   261    213 0.628193 
   262    186 0.566376 
   262    191 0.590215 
   263    251 0.726533 
   264    205 0.483867 
