*vertices    264 
     1 "     1" 
     2 "     2" 
     3 "     3" 
     4 "     4" 
     5 "     5" 
     6 "     6" 
     7 "     7" 
     8 "     8" 
     9 "     9" 
    10 "    10" 
    11 "    11" 
    12 "    12" 
    13 "    13" 
    14 "    14" 
    15 "    15" 
    16 "    16" 
    17 "    17" 
    18 "    18" 
    19 "    19" 
    20 "    20" 
    21 "    21" 
    22 "    22" 
    23 "    23" 
    24 "    24" 
    25 "    25" 
    26 "    26" 
    27 "    27" 
    28 "    28" 
    29 "    29" 
    30 "    30" 
    31 "    31" 
    32 "    32" 
    33 "    33" 
    34 "    34" 
    35 "    35" 
    36 "    36" 
    37 "    37" 
    38 "    38" 
    39 "    39" 
    40 "    40" 
    41 "    41" 
    42 "    42" 
    43 "    43" 
    44 "    44" 
    45 "    45" 
    46 "    46" 
    47 "    47" 
    48 "    48" 
    49 "    49" 
    50 "    50" 
    51 "    51" 
    52 "    52" 
    53 "    53" 
    54 "    54" 
    55 "    55" 
    56 "    56" 
    57 "    57" 
    58 "    58" 
    59 "    59" 
    60 "    60" 
    61 "    61" 
    62 "    62" 
    63 "    63" 
    64 "    64" 
    65 "    65" 
    66 "    66" 
    67 "    67" 
    68 "    68" 
    69 "    69" 
    70 "    70" 
    71 "    71" 
    72 "    72" 
    73 "    73" 
    74 "    74" 
    75 "    75" 
    76 "    76" 
    77 "    77" 
    78 "    78" 
    79 "    79" 
    80 "    80" 
    81 "    81" 
    82 "    82" 
    83 "    83" 
    84 "    84" 
    85 "    85" 
    86 "    86" 
    87 "    87" 
    88 "    88" 
    89 "    89" 
    90 "    90" 
    91 "    91" 
    92 "    92" 
    93 "    93" 
    94 "    94" 
    95 "    95" 
    96 "    96" 
    97 "    97" 
    98 "    98" 
    99 "    99" 
   100 "   100" 
   101 "   101" 
   102 "   102" 
   103 "   103" 
   104 "   104" 
   105 "   105" 
   106 "   106" 
   107 "   107" 
   108 "   108" 
   109 "   109" 
   110 "   110" 
   111 "   111" 
   112 "   112" 
   113 "   113" 
   114 "   114" 
   115 "   115" 
   116 "   116" 
   117 "   117" 
   118 "   118" 
   119 "   119" 
   120 "   120" 
   121 "   121" 
   122 "   122" 
   123 "   123" 
   124 "   124" 
   125 "   125" 
   126 "   126" 
   127 "   127" 
   128 "   128" 
   129 "   129" 
   130 "   130" 
   131 "   131" 
   132 "   132" 
   133 "   133" 
   134 "   134" 
   135 "   135" 
   136 "   136" 
   137 "   137" 
   138 "   138" 
   139 "   139" 
   140 "   140" 
   141 "   141" 
   142 "   142" 
   143 "   143" 
   144 "   144" 
   145 "   145" 
   146 "   146" 
   147 "   147" 
   148 "   148" 
   149 "   149" 
   150 "   150" 
   151 "   151" 
   152 "   152" 
   153 "   153" 
   154 "   154" 
   155 "   155" 
   156 "   156" 
   157 "   157" 
   158 "   158" 
   159 "   159" 
   160 "   160" 
   161 "   161" 
   162 "   162" 
   163 "   163" 
   164 "   164" 
   165 "   165" 
   166 "   166" 
   167 "   167" 
   168 "   168" 
   169 "   169" 
   170 "   170" 
   171 "   171" 
   172 "   172" 
   173 "   173" 
   174 "   174" 
   175 "   175" 
   176 "   176" 
   177 "   177" 
   178 "   178" 
   179 "   179" 
   180 "   180" 
   181 "   181" 
   182 "   182" 
   183 "   183" 
   184 "   184" 
   185 "   185" 
   186 "   186" 
   187 "   187" 
   188 "   188" 
   189 "   189" 
   190 "   190" 
   191 "   191" 
   192 "   192" 
   193 "   193" 
   194 "   194" 
   195 "   195" 
   196 "   196" 
   197 "   197" 
   198 "   198" 
   199 "   199" 
   200 "   200" 
   201 "   201" 
   202 "   202" 
   203 "   203" 
   204 "   204" 
   205 "   205" 
   206 "   206" 
   207 "   207" 
   208 "   208" 
   209 "   209" 
   210 "   210" 
   211 "   211" 
   212 "   212" 
   213 "   213" 
   214 "   214" 
   215 "   215" 
   216 "   216" 
   217 "   217" 
   218 "   218" 
   219 "   219" 
   220 "   220" 
   221 "   221" 
   222 "   222" 
   223 "   223" 
   224 "   224" 
   225 "   225" 
   226 "   226" 
   227 "   227" 
   228 "   228" 
   229 "   229" 
   230 "   230" 
   231 "   231" 
   232 "   232" 
   233 "   233" 
   234 "   234" 
   235 "   235" 
   236 "   236" 
   237 "   237" 
   238 "   238" 
   239 "   239" 
   240 "   240" 
   241 "   241" 
   242 "   242" 
   243 "   243" 
   244 "   244" 
   245 "   245" 
   246 "   246" 
   247 "   247" 
   248 "   248" 
   249 "   249" 
   250 "   250" 
   251 "   251" 
   252 "   252" 
   253 "   253" 
   254 "   254" 
   255 "   255" 
   256 "   256" 
   257 "   257" 
   258 "   258" 
   259 "   259" 
   260 "   260" 
   261 "   261" 
   262 "   262" 
   263 "   263" 
   264 "   264" 
*edges 
     1      2 0.620328 
     1     12 0.283814 
     1     91 0.249539 
     1    129 0.486212 
     1    141 0.631684 
     1    142 0.661584 
     1    153 0.660412 
     1    154 0.689761 
     1    168 0.683652 
     1    172 0.642689 
     1    244 0.610173 
     1    253 0.689136 
     2      1 0.620328 
     2    141 0.705502 
     2    153 0.687365 
     2    154 0.625992 
     2    165 0.617352 
     2    168 0.701700 
     3    263 0.316602 
     4    250 0.218766 
     5     11 0.427645 
     5     76 0.477152 
     6     88 0.328172 
     7    215 0.627925 
     8    153 0.515976 
     9    116 0.442765 
     9    247 0.378404 
    10     11 0.357073 
    11      5 0.427645 
    11     10 0.357073 
    12      1 0.283814 
    13     77 0.623918 
    13    136 0.805864 
    13    251 0.715001 
    13    263 0.728714 
    14     63 0.450988 
    15     18 0.746779 
    15     19 0.626830 
    15     21 0.659530 
    15     23 0.685180 
    15     24 0.641200 
    15     27 0.621070 
    15     31 0.639414 
    15     36 0.661627 
    15     39 0.794583 
    15     40 0.807766 
    15     42 0.615271 
    15     47 0.715732 
    15     49 0.645885 
    15     50 0.610984 
    15     51 0.656186 
    15     67 0.679001 
    15     69 0.631120 
    16     47 0.600042 
    17     39 0.666394 
    17     40 0.635427 
    18     15 0.746779 
    18     19 0.718839 
    18     21 0.747425 
    18     22 0.633393 
    18     23 0.685277 
    18     24 0.766895 
    18     27 0.723546 
    18     30 0.630510 
    18     31 0.765587 
    18     32 0.676390 
    18     34 0.643311 
    18     36 0.740574 
    18     38 0.614063 
    18     39 0.746690 
    18     40 0.729399 
    18     41 0.632088 
    18     42 0.678429 
    18     45 0.686678 
    18     47 0.669032 
    18     50 0.646906 
    18     65 0.687337 
    18     67 0.639121 
    18     69 0.621851 
    18     72 0.615824 
    18     77 0.686647 
    18    134 0.630163 
    18    144 0.606503 
    18    238 0.635838 
    18    261 0.631518 
    19     15 0.626830 
    19     18 0.718839 
    19     23 0.660212 
    19     24 0.642053 
    19     27 0.718018 
    19     31 0.664538 
    19     36 0.724836 
    19     39 0.688519 
    19     40 0.690681 
    20     33 0.596379 
    21     15 0.659530 
    21     18 0.747425 
    21     24 0.671409 
    21     27 0.674291 
    21     29 0.690546 
    21     31 0.686034 
    21     32 0.645633 
    21     36 0.753231 
    21     39 0.650061 
    21     40 0.616299 
    21     41 0.658917 
    21     50 0.625258 
    21    240 0.638996 
    21    264 0.639485 
    22     18 0.633393 
    22     38 0.750032 
    22    251 0.611474 
    23     15 0.685180 
    23     18 0.685277 
    23     19 0.660212 
    23     24 0.698503 
    23     27 0.691927 
    23     31 0.674946 
    23     32 0.627524 
    23     34 0.737567 
    23     35 0.501960 
    23     36 0.681834 
    23     39 0.727884 
    24     15 0.641200 
    24     18 0.766895 
    24     19 0.642053 
    24     21 0.671409 
    24     23 0.698503 
    24     26 0.612907 
    24     27 0.802406 
    24     30 0.611969 
    24     31 0.629326 
    24     32 0.619015 
    24     34 0.669955 
    24     36 0.792252 
    24     37 0.548244 
    24     39 0.650920 
    24     41 0.671444 
    24     42 0.740675 
    24     44 0.662388 
    24     45 0.658864 
    24     46 0.662620 
    24    240 0.623864 
    25     32 0.644757 
    25     36 0.645887 
    25     39 0.637494 
    26     24 0.612907 
    26     30 0.630640 
    26     32 0.613417 
    26     36 0.643898 
    26     72 0.754278 
    26    264 0.653490 
    27     15 0.621070 
    27     18 0.723546 
    27     19 0.718018 
    27     21 0.674291 
    27     23 0.691927 
    27     24 0.802406 
    27     31 0.641036 
    27     34 0.646165 
    27     36 0.801063 
    27     39 0.654221 
    27     41 0.690671 
    27     42 0.676513 
    27     45 0.624656 
    27     46 0.609525 
    27     50 0.618038 
    28     34 0.613634 
    29     21 0.690546 
    29    174 0.661369 
    30     18 0.630510 
    30     24 0.611969 
    30     26 0.630640 
    30     33 0.605757 
    31     15 0.639414 
    31     18 0.765587 
    31     19 0.664538 
    31     21 0.686034 
    31     23 0.674946 
    31     24 0.629326 
    31     27 0.641036 
    31     34 0.621038 
    31     36 0.627941 
    31     39 0.728556 
    31     40 0.731793 
    32     18 0.676390 
    32     21 0.645633 
    32     23 0.627524 
    32     24 0.619015 
    32     25 0.644757 
    32     26 0.613417 
    32     36 0.636133 
    32     39 0.615609 
    32     72 0.615703 
    33     20 0.596379 
    33     30 0.605757 
    34     18 0.643311 
    34     23 0.737567 
    34     24 0.669955 
    34     27 0.646165 
    34     28 0.613634 
    34     31 0.621038 
    34     36 0.699413 
    34     39 0.664378 
    35     23 0.501960 
    36     15 0.661627 
    36     18 0.740574 
    36     19 0.724836 
    36     21 0.753231 
    36     23 0.681834 
    36     24 0.792252 
    36     25 0.645887 
    36     26 0.643898 
    36     27 0.801063 
    36     31 0.627941 
    36     32 0.636133 
    36     34 0.699413 
    36     39 0.714550 
    36     40 0.618280 
    36     41 0.772676 
    36     42 0.649899 
    36     46 0.638464 
    36    170 0.610292 
    36    240 0.728292 
    37     24 0.548244 
    38     18 0.614063 
    38     22 0.750032 
    39     15 0.794583 
    39     17 0.666394 
    39     18 0.746690 
    39     19 0.688519 
    39     21 0.650061 
    39     23 0.727884 
    39     24 0.650920 
    39     25 0.637494 
    39     27 0.654221 
    39     31 0.728556 
    39     32 0.615609 
    39     34 0.664378 
    39     36 0.714550 
    39     40 0.791355 
    39    238 0.631780 
    40     15 0.807766 
    40     17 0.635427 
    40     18 0.729399 
    40     19 0.690681 
    40     21 0.616299 
    40     31 0.731793 
    40     36 0.618280 
    40     39 0.791355 
    40     47 0.612403 
    41     18 0.632088 
    41     21 0.658917 
    41     24 0.671444 
    41     27 0.690671 
    41     36 0.772676 
    41     42 0.648723 
    41     44 0.611905 
    41    240 0.612465 
    42     15 0.615271 
    42     18 0.678429 
    42     24 0.740675 
    42     27 0.676513 
    42     36 0.649899 
    42     41 0.648723 
    42     44 0.802160 
    42     45 0.775597 
    42     46 0.651525 
    42     47 0.622983 
    42     67 0.634070 
    43     67 0.581576 
    44     24 0.662388 
    44     41 0.611905 
    44     42 0.802160 
    44     45 0.698319 
    44     46 0.711743 
    45     18 0.686678 
    45     24 0.658864 
    45     27 0.624656 
    45     42 0.775597 
    45     44 0.698319 
    45     65 0.630935 
    45     67 0.639824 
    45    238 0.609829 
    46     24 0.662620 
    46     27 0.609525 
    46     36 0.638464 
    46     42 0.651525 
    46     44 0.711743 
    46     72 0.681358 
    47     15 0.715732 
    47     16 0.600042 
    47     18 0.669032 
    47     40 0.612403 
    47     42 0.622983 
    47     48 0.607419 
    47     51 0.615821 
    47     53 0.645742 
    47     54 0.690115 
    47     55 0.576357 
    47     57 0.627808 
    47     59 0.689614 
    47     62 0.633678 
    47     63 0.624233 
    47     65 0.679939 
    47     67 0.629073 
    47    174 0.636137 
    47    213 0.762639 
    47    261 0.654692 
    48     47 0.607419 
    49     15 0.645885 
    50     15 0.610984 
    50     18 0.646906 
    50     21 0.625258 
    50     27 0.618038 
    51     15 0.656186 
    51     47 0.615821 
    52     56 0.649956 
    52     60 0.661823 
    52    209 0.647050 
    52    216 0.639976 
    53     47 0.645742 
    53    138 0.607571 
    53    213 0.652928 
    54     47 0.690115 
    54    213 0.684289 
    54    216 0.614139 
    55     47 0.576357 
    56     52 0.649956 
    56     60 0.618281 
    56    209 0.655581 
    56    216 0.640827 
    57     47 0.627808 
    57     59 0.645013 
    57    213 0.610460 
    57    216 0.663675 
    58    216 0.653598 
    59     47 0.689614 
    59     57 0.645013 
    59     63 0.618023 
    59     65 0.616182 
    59    202 0.689733 
    59    213 0.749162 
    59    214 0.666653 
    59    215 0.701514 
    59    216 0.681575 
    60     52 0.661823 
    60     56 0.618281 
    60    209 0.705476 
    60    216 0.669965 
    61     64 0.643277 
    61     73 0.534091 
    62     47 0.633678 
    62     63 0.753849 
    62     65 0.716559 
    62     66 0.660597 
    62    209 0.645035 
    62    235 0.619778 
    63     14 0.450988 
    63     47 0.624233 
    63     59 0.618023 
    63     62 0.753849 
    63     65 0.759156 
    63     66 0.816656 
    63    123 0.434369 
    63    235 0.616077 
    63    238 0.684860 
    64     61 0.643277 
    64     65 0.676844 
    64     67 0.694321 
    65     18 0.687337 
    65     45 0.630935 
    65     47 0.679939 
    65     59 0.616182 
    65     62 0.716559 
    65     63 0.759156 
    65     64 0.676844 
    65     66 0.718877 
    65     67 0.642653 
    65     69 0.679059 
    65     70 0.676773 
    65    235 0.633448 
    65    238 0.702671 
    66     62 0.660597 
    66     63 0.816656 
    66     65 0.718877 
    66    238 0.623354 
    67     15 0.679001 
    67     18 0.639121 
    67     42 0.634070 
    67     43 0.581576 
    67     45 0.639824 
    67     47 0.629073 
    67     64 0.694321 
    67     65 0.642653 
    67     69 0.647883 
    67     71 0.579114 
    68     69 0.608056 
    69     15 0.631120 
    69     18 0.621851 
    69     65 0.679059 
    69     67 0.647883 
    69     68 0.608056 
    69     72 0.609600 
    70     65 0.676773 
    70    238 0.642356 
    71     67 0.579114 
    72     18 0.615824 
    72     26 0.754278 
    72     32 0.615703 
    72     46 0.681358 
    72     69 0.609600 
    72    254 0.618157 
    73     61 0.534091 
    74     79 0.647297 
    74    134 0.696980 
    74    141 0.639506 
    74    147 0.559981 
    74    149 0.630728 
    74    150 0.632428 
    74    151 0.634837 
    74    153 0.705392 
    74    154 0.667504 
    74    155 0.639395 
    74    156 0.687347 
    74    162 0.681207 
    74    164 0.618789 
    74    165 0.695776 
    74    169 0.705137 
    74    170 0.631387 
    74    172 0.703649 
    74    173 0.499631 
    74    240 0.634868 
    74    260 0.725802 
    75     78 0.724958 
    75    106 0.675346 
    76      5 0.477152 
    76    110 0.583429 
    77     13 0.623918 
    77     18 0.686647 
    77     90 0.730087 
    77    134 0.767375 
    77    145 0.660807 
    77    151 0.713795 
    77    153 0.644051 
    77    155 0.616937 
    77    160 0.629529 
    77    163 0.656465 
    77    165 0.653960 
    77    167 0.619796 
    77    170 0.610961 
    77    172 0.665614 
    77    244 0.636171 
    78     75 0.724958 
    78     84 0.512484 
    79     74 0.647297 
    79     86 0.657529 
    79    153 0.611211 
    79    240 0.728717 
    80     94 0.631433 
    80    136 0.664544 
    81     82 0.359400 
    81    154 0.500989 
    81    248 0.302784 
    81    249 0.431954 
    82     81 0.359400 
    83     84 0.395680 
    84     78 0.512484 
    84     83 0.395680 
    85    132 0.418240 
    86     79 0.657529 
    86    114 0.611656 
    86    116 0.527289 
    86    125 0.525483 
    86    136 0.716664 
    86    161 0.539664 
    86    195 0.736091 
    86    236 0.573882 
    87     94 0.617996 
    88      6 0.328172 
    88     89 0.751274 
    88     90 0.627786 
    88     92 0.678594 
    88     93 0.615414 
    88     95 0.683181 
    88    133 0.788482 
    88    221 0.616211 
    89     88 0.751274 
    89     92 0.884008 
    89     94 0.697105 
    89     97 0.623481 
    89    133 0.805473 
    89    136 0.614162 
    89    194 0.672289 
    89    221 0.630784 
    90     77 0.730087 
    90     88 0.627786 
    90     93 0.665852 
    90     95 0.805452 
    90    134 0.657468 
    90    136 0.629998 
    90    151 0.615960 
    90    163 0.620404 
    91      1 0.249539 
    92     88 0.678594 
    92     89 0.884008 
    92     94 0.732693 
    92     95 0.617370 
    92     96 0.652718 
    92     97 0.653605 
    92    104 0.628084 
    92    133 0.739815 
    92    136 0.680089 
    92    194 0.720939 
    92    195 0.625245 
    93     88 0.615414 
    93     90 0.665852 
    93     95 0.757984 
    94     80 0.631433 
    94     87 0.617996 
    94     89 0.697105 
    94     92 0.732693 
    94     96 0.651836 
    94     97 0.614884 
    94    121 0.618436 
    94    130 0.610402 
    94    133 0.669759 
    94    136 0.733021 
    94    184 0.631843 
    94    194 0.690526 
    94    195 0.623317 
    94    203 0.614670 
    94    215 0.615237 
    95     88 0.683181 
    95     90 0.805452 
    95     92 0.617370 
    95     93 0.757984 
    96     92 0.652718 
    96     94 0.651836 
    96     97 0.698316 
    96    119 0.537707 
    96    192 0.601231 
    96    194 0.734811 
    96    195 0.717009 
    96    196 0.609568 
    97     89 0.623481 
    97     92 0.653605 
    97     94 0.614884 
    97     96 0.698316 
    97    101 0.781854 
    97    104 0.636741 
    97    121 0.653885 
    97    194 0.713360 
    97    195 0.647985 
    97    196 0.660759 
    98    100 0.738179 
    98    177 0.647244 
    98    195 0.703344 
    99    177 0.583344 
   100     98 0.738179 
   100    104 0.628405 
   100    115 0.581382 
   100    177 0.629926 
   100    178 0.624741 
   100    195 0.750776 
   100    201 0.619481 
   101     97 0.781854 
   101    121 0.661534 
   101    136 0.611387 
   102    103 0.675802 
   102    104 0.625918 
   102    105 0.645456 
   102    106 0.684775 
   103    102 0.675802 
   104     92 0.628084 
   104     97 0.636741 
   104    100 0.628405 
   104    102 0.625918 
   104    114 0.676893 
   104    195 0.652100 
   105    102 0.645456 
   105    108 0.544498 
   106     75 0.675346 
   106    102 0.684775 
   107    109 0.649041 
   108    105 0.544498 
   109    107 0.649041 
   109    110 0.638863 
   109    113 0.632697 
   110     76 0.583429 
   110    109 0.638863 
   110    181 0.424315 
   111    113 0.346667 
   112    113 0.679339 
   112    187 0.636427 
   112    188 0.655825 
   112    191 0.657569 
   112    202 0.693791 
   112    215 0.669189 
   112    234 0.659964 
   112    256 0.655167 
   112    259 0.716120 
   113    109 0.632697 
   113    111 0.346667 
   113    112 0.679339 
   113    122 0.647484 
   113    215 0.649652 
   114     86 0.611656 
   114    104 0.676893 
   114    131 0.614574 
   114    195 0.678951 
   115    100 0.581382 
   116      9 0.442765 
   116     86 0.527289 
   117    235 0.554474 
   118    120 0.475249 
   118    242 0.527263 
   119     96 0.537707 
   120    118 0.475249 
   121     94 0.618436 
   121     97 0.653885 
   121    101 0.661534 
   121    196 0.618253 
   121    205 0.656393 
   121    214 0.677054 
   121    215 0.699297 
   121    216 0.661147 
   121    258 0.621824 
   122    113 0.647484 
   122    215 0.647921 
   123     63 0.434369 
   124    262 0.592304 
   125     86 0.525483 
   126    262 0.545289 
   127    184 0.655452 
   127    185 0.587529 
   128    153 0.431155 
   129      1 0.486212 
   129    250 0.429870 
   130     94 0.610402 
   130    196 0.631304 
   130    204 0.656678 
   130    235 0.658350 
   131    114 0.614574 
   132     85 0.418240 
   132    211 0.509777 
   132    259 0.618900 
   133     88 0.788482 
   133     89 0.805473 
   133     92 0.739815 
   133     94 0.669759 
   133    195 0.611638 
   133    221 0.755221 
   134     18 0.630163 
   134     74 0.696980 
   134     77 0.767375 
   134     90 0.657468 
   134    140 0.613274 
   134    141 0.641866 
   134    145 0.785806 
   134    148 0.723024 
   134    150 0.642872 
   134    151 0.823821 
   134    152 0.706287 
   134    153 0.735717 
   134    154 0.677872 
   134    155 0.744720 
   134    156 0.789274 
   134    159 0.653094 
   134    160 0.705391 
   134    163 0.807606 
   134    165 0.742260 
   134    166 0.604773 
   134    167 0.780806 
   134    170 0.756660 
   134    172 0.783908 
   134    251 0.671734 
   134    260 0.619909 
   135    251 0.577125 
   136     13 0.805864 
   136     80 0.664544 
   136     86 0.716664 
   136     89 0.614162 
   136     90 0.629998 
   136     92 0.680089 
   136     94 0.733021 
   136    101 0.611387 
   136    165 0.625755 
   136    195 0.638587 
   136    244 0.641997 
   136    245 0.594654 
   136    251 0.657906 
   137    242 0.647675 
   138     53 0.607571 
   139    196 0.560154 
   140    134 0.613274 
   140    141 0.716823 
   140    149 0.685269 
   140    151 0.696080 
   140    153 0.631908 
   140    154 0.628918 
   140    155 0.710132 
   140    165 0.746745 
   140    170 0.683005 
   140    171 0.693805 
   140    172 0.723472 
   141      1 0.631684 
   141      2 0.705502 
   141     74 0.639506 
   141    134 0.641866 
   141    140 0.716823 
   141    149 0.704676 
   141    151 0.679535 
   141    153 0.765255 
   141    154 0.787150 
   141    155 0.751417 
   141    156 0.618572 
   141    162 0.660216 
   141    165 0.830831 
   141    168 0.745981 
   141    171 0.641589 
   141    172 0.799641 
   141    240 0.615825 
   141    260 0.645606 
   142      1 0.661584 
   142    154 0.650566 
   142    172 0.677725 
   142    210 0.443687 
   143    148 0.542733 
   144     18 0.606503 
   145     77 0.660807 
   145    134 0.785806 
   145    146 0.738643 
   145    148 0.705193 
   145    151 0.790403 
   145    152 0.778901 
   145    155 0.629392 
   145    156 0.668241 
   145    160 0.702747 
   145    163 0.856120 
   145    165 0.609730 
   145    167 0.833517 
   145    170 0.826273 
   145    172 0.627746 
   146    145 0.738643 
   146    151 0.688681 
   146    152 0.735486 
   146    163 0.738504 
   146    167 0.824616 
   146    170 0.646716 
   147     74 0.559981 
   148    134 0.723024 
   148    143 0.542733 
   148    145 0.705193 
   148    151 0.639979 
   148    160 0.732451 
   148    163 0.651946 
   148    167 0.613636 
   148    170 0.690836 
   149     74 0.630728 
   149    140 0.685269 
   149    141 0.704676 
   149    151 0.622936 
   149    153 0.656342 
   149    154 0.634868 
   149    155 0.774516 
   149    162 0.628358 
   149    165 0.671733 
   149    171 0.686144 
   149    172 0.629157 
   150     74 0.632428 
   150    134 0.642872 
   150    151 0.641390 
   150    154 0.635938 
   150    158 0.614818 
   150    164 0.647687 
   150    165 0.661475 
   150    172 0.656420 
   151     74 0.634837 
   151     77 0.713795 
   151     90 0.615960 
   151    134 0.823821 
   151    140 0.696080 
   151    141 0.679535 
   151    145 0.790403 
   151    146 0.688681 
   151    148 0.639979 
   151    149 0.622936 
   151    150 0.641390 
   151    152 0.687314 
   151    153 0.707491 
   151    154 0.722477 
   151    155 0.768422 
   151    156 0.742616 
   151    160 0.611134 
   151    163 0.763418 
   151    165 0.803452 
   151    167 0.752942 
   151    170 0.791829 
   151    171 0.624885 
   151    172 0.809820 
   151    251 0.638605 
   152    134 0.706287 
   152    145 0.778901 
   152    146 0.735486 
   152    151 0.687314 
   152    163 0.775840 
   152    167 0.767180 
   152    170 0.654873 
   153      1 0.660412 
   153      2 0.687365 
   153      8 0.515976 
   153     74 0.705392 
   153     77 0.644051 
   153     79 0.611211 
   153    128 0.431155 
   153    134 0.735717 
   153    140 0.631908 
   153    141 0.765255 
   153    149 0.656342 
   153    151 0.707491 
   153    154 0.812261 
   153    155 0.709355 
   153    156 0.661909 
   153    162 0.629610 
   153    164 0.614989 
   153    165 0.803857 
   153    168 0.629422 
   153    172 0.809055 
   153    244 0.672956 
   153    253 0.665292 
   153    260 0.711209 
   154      1 0.689761 
   154      2 0.625992 
   154     74 0.667504 
   154     81 0.500989 
   154    134 0.677872 
   154    140 0.628918 
   154    141 0.787150 
   154    142 0.650566 
   154    149 0.634868 
   154    150 0.635938 
   154    151 0.722477 
   154    153 0.812261 
   154    155 0.720207 
   154    156 0.696678 
   154    162 0.639195 
   154    164 0.718352 
   154    165 0.812341 
   154    168 0.744310 
   154    172 0.894049 
   154    244 0.635761 
   154    251 0.644510 
   154    253 0.651552 
   154    260 0.763144 
   155     74 0.639395 
   155     77 0.616937 
   155    134 0.744720 
   155    140 0.710132 
   155    141 0.751417 
   155    145 0.629392 
   155    149 0.774516 
   155    151 0.768422 
   155    153 0.709355 
   155    154 0.720207 
   155    156 0.694270 
   155    162 0.663478 
   155    165 0.787992 
   155    167 0.654944 
   155    170 0.711993 
   155    171 0.669660 
   155    172 0.764308 
   155    260 0.632124 
   156     74 0.687347 
   156    134 0.789274 
   156    141 0.618572 
   156    145 0.668241 
   156    151 0.742616 
   156    153 0.661909 
   156    154 0.696678 
   156    155 0.694270 
   156    159 0.684654 
   156    162 0.703271 
   156    163 0.636072 
   156    165 0.733902 
   156    170 0.693637 
   156    172 0.766532 
   156    260 0.648301 
   157    260 0.635933 
   158    150 0.614818 
   158    165 0.625469 
   158    172 0.631635 
   159    134 0.653094 
   159    156 0.684654 
   159    170 0.631686 
   160     77 0.629529 
   160    134 0.705391 
   160    145 0.702747 
   160    148 0.732451 
   160    151 0.611134 
   160    170 0.714067 
   161     86 0.539664 
   162     74 0.681207 
   162    141 0.660216 
   162    149 0.628358 
   162    153 0.629610 
   162    154 0.639195 
   162    155 0.663478 
   162    156 0.703271 
   162    165 0.681531 
   162    172 0.642119 
   162    260 0.629093 
   163     77 0.656465 
   163     90 0.620404 
   163    134 0.807606 
   163    145 0.856120 
   163    146 0.738504 
   163    148 0.651946 
   163    151 0.763418 
   163    152 0.775840 
   163    156 0.636072 
   163    167 0.892624 
   163    170 0.707799 
   164     74 0.618789 
   164    150 0.647687 
   164    153 0.614989 
   164    154 0.718352 
   164    165 0.648947 
   164    172 0.668877 
   164    260 0.661272 
   165      2 0.617352 
   165     74 0.695776 
   165     77 0.653960 
   165    134 0.742260 
   165    136 0.625755 
   165    140 0.746745 
   165    141 0.830831 
   165    145 0.609730 
   165    149 0.671733 
   165    150 0.661475 
   165    151 0.803452 
   165    153 0.803857 
   165    154 0.812341 
   165    155 0.787992 
   165    156 0.733902 
   165    158 0.625469 
   165    162 0.681531 
   165    164 0.648947 
   165    170 0.650665 
   165    171 0.697669 
   165    172 0.857641 
   165    244 0.655499 
   165    260 0.703706 
   166    134 0.604773 
   167     77 0.619796 
   167    134 0.780806 
   167    145 0.833517 
   167    146 0.824616 
   167    148 0.613636 
   167    151 0.752942 
   167    152 0.767180 
   167    155 0.654944 
   167    163 0.892624 
   167    170 0.724447 
   168      1 0.683652 
   168      2 0.701700 
   168    141 0.745981 
   168    153 0.629422 
   168    154 0.744310 
   168    172 0.654300 
   169     74 0.705137 
   170     36 0.610292 
   170     74 0.631387 
   170     77 0.610961 
   170    134 0.756660 
   170    140 0.683005 
   170    145 0.826273 
   170    146 0.646716 
   170    148 0.690836 
   170    151 0.791829 
   170    152 0.654873 
   170    155 0.711993 
   170    156 0.693637 
   170    159 0.631686 
   170    160 0.714067 
   170    163 0.707799 
   170    165 0.650665 
   170    167 0.724447 
   170    172 0.640194 
   171    140 0.693805 
   171    141 0.641589 
   171    149 0.686144 
   171    151 0.624885 
   171    155 0.669660 
   171    165 0.697669 
   171    172 0.649242 
   172      1 0.642689 
   172     74 0.703649 
   172     77 0.665614 
   172    134 0.783908 
   172    140 0.723472 
   172    141 0.799641 
   172    142 0.677725 
   172    145 0.627746 
   172    149 0.629157 
   172    150 0.656420 
   172    151 0.809820 
   172    153 0.809055 
   172    154 0.894049 
   172    155 0.764308 
   172    156 0.766532 
   172    158 0.631635 
   172    162 0.642119 
   172    164 0.668877 
   172    165 0.857641 
   172    168 0.654300 
   172    170 0.640194 
   172    171 0.649242 
   172    244 0.628338 
   172    251 0.678997 
   172    260 0.719553 
   173     74 0.499631 
   174     29 0.661369 
   174     47 0.636137 
   174    261 0.628929 
   175    186 0.630658 
   175    187 0.625258 
   175    201 0.667504 
   175    205 0.682973 
   175    258 0.636959 
   176    187 0.676959 
   176    188 0.670219 
   176    202 0.626950 
   177     98 0.647244 
   177     99 0.583344 
   177    100 0.629926 
   177    195 0.785164 
   178    100 0.624741 
   179    191 0.643565 
   180    181 0.309306 
   181    110 0.424315 
   181    180 0.309306 
   182    209 0.327340 
   183    196 0.712732 
   183    234 0.622950 
   184     94 0.631843 
   184    127 0.655452 
   184    194 0.616943 
   185    127 0.587529 
   186    175 0.630658 
   186    205 0.653596 
   187    112 0.636427 
   187    175 0.625258 
   187    176 0.676959 
   187    191 0.668275 
   187    201 0.711746 
   187    202 0.651612 
   187    258 0.612215 
   188    112 0.655825 
   188    176 0.670219 
   188    191 0.658708 
   188    201 0.629420 
   188    202 0.639158 
   188    258 0.668717 
   188    259 0.624556 
   189    190 0.644448 
   189    196 0.611437 
   189    197 0.718616 
   189    200 0.641325 
   189    205 0.716362 
   189    209 0.649735 
   189    216 0.676099 
   190    189 0.644448 
   190    196 0.652858 
   190    197 0.643245 
   190    204 0.786433 
   191    112 0.657569 
   191    179 0.643565 
   191    187 0.668275 
   191    188 0.658708 
   191    201 0.686494 
   191    202 0.621368 
   191    256 0.699285 
   191    259 0.747677 
   192     96 0.601231 
   193    205 0.561069 
   194     89 0.672289 
   194     92 0.720939 
   194     94 0.690526 
   194     96 0.734811 
   194     97 0.713360 
   194    184 0.616943 
   194    195 0.676254 
   194    196 0.746811 
   195     86 0.736091 
   195     92 0.625245 
   195     94 0.623317 
   195     96 0.717009 
   195     97 0.647985 
   195     98 0.703344 
   195    100 0.750776 
   195    104 0.652100 
   195    114 0.678951 
   195    133 0.611638 
   195    136 0.638587 
   195    177 0.785164 
   195    194 0.676254 
   195    201 0.612421 
   195    242 0.618572 
   196     96 0.609568 
   196     97 0.660759 
   196    121 0.618253 
   196    130 0.631304 
   196    139 0.560154 
   196    183 0.712732 
   196    189 0.611437 
   196    190 0.652858 
   196    194 0.746811 
   196    205 0.661191 
   197    189 0.718616 
   197    190 0.643245 
   197    205 0.615912 
   197    214 0.636606 
   197    215 0.647859 
   197    216 0.640067 
   198    205 0.538505 
   199    259 0.543490 
   200    189 0.641325 
   200    206 0.591424 
   201    100 0.619481 
   201    175 0.667504 
   201    187 0.711746 
   201    188 0.629420 
   201    191 0.686494 
   201    195 0.612421 
   201    202 0.639841 
   202     59 0.689733 
   202    112 0.693791 
   202    176 0.626950 
   202    187 0.651612 
   202    188 0.639158 
   202    191 0.621368 
   202    201 0.639841 
   202    208 0.664780 
   202    213 0.725060 
   202    214 0.644611 
   202    215 0.821034 
   202    216 0.813229 
   202    261 0.673303 
   203     94 0.614670 
   204    130 0.656678 
   204    190 0.786433 
   204    207 0.463905 
   205    121 0.656393 
   205    175 0.682973 
   205    186 0.653596 
   205    189 0.716362 
   205    193 0.561069 
   205    196 0.661191 
   205    197 0.615912 
   205    198 0.538505 
   205    209 0.624885 
   205    216 0.680961 
   205    241 0.601403 
   206    200 0.591424 
   207    204 0.463905 
   208    202 0.664780 
   208    216 0.660831 
   209     52 0.647050 
   209     56 0.655581 
   209     60 0.705476 
   209     62 0.645035 
   209    182 0.327340 
   209    189 0.649735 
   209    205 0.624885 
   209    215 0.643346 
   209    216 0.779130 
   210    142 0.443687 
   211    132 0.509777 
   212    215 0.558521 
   213     47 0.762639 
   213     53 0.652928 
   213     54 0.684289 
   213     57 0.610460 
   213     59 0.749162 
   213    202 0.725060 
   213    214 0.641887 
   213    215 0.710481 
   213    216 0.783392 
   214     59 0.666653 
   214    121 0.677054 
   214    197 0.636606 
   214    202 0.644611 
   214    213 0.641887 
   214    215 0.708081 
   214    216 0.709064 
   214    219 0.647261 
   214    220 0.497236 
   215      7 0.627925 
   215     59 0.701514 
   215     94 0.615237 
   215    112 0.669189 
   215    113 0.649652 
   215    121 0.699297 
   215    122 0.647921 
   215    197 0.647859 
   215    202 0.821034 
   215    209 0.643346 
   215    212 0.558521 
   215    213 0.710481 
   215    214 0.708081 
   215    216 0.830703 
   215    221 0.612394 
   215    229 0.585060 
   215    234 0.616138 
   215    263 0.641114 
   216     52 0.639976 
   216     54 0.614139 
   216     56 0.640827 
   216     57 0.663675 
   216     58 0.653598 
   216     59 0.681575 
   216     60 0.669965 
   216    121 0.661147 
   216    189 0.676099 
   216    197 0.640067 
   216    202 0.813229 
   216    205 0.680961 
   216    208 0.660831 
   216    209 0.779130 
   216    213 0.783392 
   216    214 0.709064 
   216    215 0.830703 
   216    217 0.621708 
   217    216 0.621708 
   218    219 0.681184 
   219    214 0.647261 
   219    218 0.681184 
   220    214 0.497236 
   221     88 0.616211 
   221     89 0.630784 
   221    133 0.755221 
   221    215 0.612394 
   222    226 0.637453 
   222    234 0.564764 
   223    224 0.612597 
   223    225 0.662189 
   223    233 0.640095 
   223    234 0.725001 
   224    223 0.612597 
   224    225 0.811470 
   225    223 0.662189 
   225    224 0.811470 
   225    234 0.627361 
   226    222 0.637453 
   227    231 0.499087 
   227    233 0.561408 
   228    233 0.733487 
   228    234 0.641657 
   229    215 0.585060 
   229    232 0.555789 
   230    233 0.577465 
   231    227 0.499087 
   232    229 0.555789 
   233    223 0.640095 
   233    227 0.561408 
   233    228 0.733487 
   233    230 0.577465 
   233    234 0.739291 
   234    112 0.659964 
   234    183 0.622950 
   234    215 0.616138 
   234    222 0.564764 
   234    223 0.725001 
   234    225 0.627361 
   234    228 0.641657 
   234    233 0.739291 
   235     62 0.619778 
   235     63 0.616077 
   235     65 0.633448 
   235    117 0.554474 
   235    130 0.658350 
   235    239 0.597735 
   236     86 0.573882 
   237    240 0.609049 
   238     18 0.635838 
   238     39 0.631780 
   238     45 0.609829 
   238     63 0.684860 
   238     65 0.702671 
   238     66 0.623354 
   238     70 0.642356 
   239    235 0.597735 
   240     21 0.638996 
   240     24 0.623864 
   240     36 0.728292 
   240     41 0.612465 
   240     74 0.634868 
   240     79 0.728717 
   240    141 0.615825 
   240    237 0.609049 
   241    205 0.601403 
   242    118 0.527263 
   242    137 0.647675 
   242    195 0.618572 
   243    245 0.565606 
   243    246 0.580049 
   244      1 0.610173 
   244     77 0.636171 
   244    136 0.641997 
   244    153 0.672956 
   244    154 0.635761 
   244    165 0.655499 
   244    172 0.628338 
   245    136 0.594654 
   245    243 0.565606 
   246    243 0.580049 
   247      9 0.378404 
   248     81 0.302784 
   249     81 0.431954 
   250      4 0.218766 
   250    129 0.429870 
   251     13 0.715001 
   251     22 0.611474 
   251    134 0.671734 
   251    135 0.577125 
   251    136 0.657906 
   251    151 0.638605 
   251    154 0.644510 
   251    172 0.678997 
   251    258 0.632800 
   251    263 0.755240 
   252    257 0.468614 
   252    262 0.581902 
   253      1 0.689136 
   253    153 0.665292 
   253    154 0.651552 
   253    254 0.649119 
   253    262 0.651999 
   254     72 0.618157 
   254    253 0.649119 
   255    258 0.564362 
   256    112 0.655167 
   256    191 0.699285 
   256    259 0.730560 
   257    252 0.468614 
   258    121 0.621824 
   258    175 0.636959 
   258    187 0.612215 
   258    188 0.668717 
   258    251 0.632800 
   258    255 0.564362 
   258    259 0.646477 
   258    263 0.699430 
   259    112 0.716120 
   259    132 0.618900 
   259    188 0.624556 
   259    191 0.747677 
   259    199 0.543490 
   259    256 0.730560 
   259    258 0.646477 
   259    263 0.667420 
   260     74 0.725802 
   260    134 0.619909 
   260    141 0.645606 
   260    153 0.711209 
   260    154 0.763144 
   260    155 0.632124 
   260    156 0.648301 
   260    157 0.635933 
   260    162 0.629093 
   260    164 0.661272 
   260    165 0.703706 
   260    172 0.719553 
   261     18 0.631518 
   261     47 0.654692 
   261    174 0.628929 
   261    202 0.673303 
   262    124 0.592304 
   262    126 0.545289 
   262    252 0.581902 
   262    253 0.651999 
   263      3 0.316602 
   263     13 0.728714 
   263    215 0.641114 
   263    251 0.755240 
   263    258 0.699430 
   263    259 0.667420 
   264     21 0.639485 
   264     26 0.653490 
