*vertices    264 
     1 "     1" 
     2 "     2" 
     3 "     3" 
     4 "     4" 
     5 "     5" 
     6 "     6" 
     7 "     7" 
     8 "     8" 
     9 "     9" 
    10 "    10" 
    11 "    11" 
    12 "    12" 
    13 "    13" 
    14 "    14" 
    15 "    15" 
    16 "    16" 
    17 "    17" 
    18 "    18" 
    19 "    19" 
    20 "    20" 
    21 "    21" 
    22 "    22" 
    23 "    23" 
    24 "    24" 
    25 "    25" 
    26 "    26" 
    27 "    27" 
    28 "    28" 
    29 "    29" 
    30 "    30" 
    31 "    31" 
    32 "    32" 
    33 "    33" 
    34 "    34" 
    35 "    35" 
    36 "    36" 
    37 "    37" 
    38 "    38" 
    39 "    39" 
    40 "    40" 
    41 "    41" 
    42 "    42" 
    43 "    43" 
    44 "    44" 
    45 "    45" 
    46 "    46" 
    47 "    47" 
    48 "    48" 
    49 "    49" 
    50 "    50" 
    51 "    51" 
    52 "    52" 
    53 "    53" 
    54 "    54" 
    55 "    55" 
    56 "    56" 
    57 "    57" 
    58 "    58" 
    59 "    59" 
    60 "    60" 
    61 "    61" 
    62 "    62" 
    63 "    63" 
    64 "    64" 
    65 "    65" 
    66 "    66" 
    67 "    67" 
    68 "    68" 
    69 "    69" 
    70 "    70" 
    71 "    71" 
    72 "    72" 
    73 "    73" 
    74 "    74" 
    75 "    75" 
    76 "    76" 
    77 "    77" 
    78 "    78" 
    79 "    79" 
    80 "    80" 
    81 "    81" 
    82 "    82" 
    83 "    83" 
    84 "    84" 
    85 "    85" 
    86 "    86" 
    87 "    87" 
    88 "    88" 
    89 "    89" 
    90 "    90" 
    91 "    91" 
    92 "    92" 
    93 "    93" 
    94 "    94" 
    95 "    95" 
    96 "    96" 
    97 "    97" 
    98 "    98" 
    99 "    99" 
   100 "   100" 
   101 "   101" 
   102 "   102" 
   103 "   103" 
   104 "   104" 
   105 "   105" 
   106 "   106" 
   107 "   107" 
   108 "   108" 
   109 "   109" 
   110 "   110" 
   111 "   111" 
   112 "   112" 
   113 "   113" 
   114 "   114" 
   115 "   115" 
   116 "   116" 
   117 "   117" 
   118 "   118" 
   119 "   119" 
   120 "   120" 
   121 "   121" 
   122 "   122" 
   123 "   123" 
   124 "   124" 
   125 "   125" 
   126 "   126" 
   127 "   127" 
   128 "   128" 
   129 "   129" 
   130 "   130" 
   131 "   131" 
   132 "   132" 
   133 "   133" 
   134 "   134" 
   135 "   135" 
   136 "   136" 
   137 "   137" 
   138 "   138" 
   139 "   139" 
   140 "   140" 
   141 "   141" 
   142 "   142" 
   143 "   143" 
   144 "   144" 
   145 "   145" 
   146 "   146" 
   147 "   147" 
   148 "   148" 
   149 "   149" 
   150 "   150" 
   151 "   151" 
   152 "   152" 
   153 "   153" 
   154 "   154" 
   155 "   155" 
   156 "   156" 
   157 "   157" 
   158 "   158" 
   159 "   159" 
   160 "   160" 
   161 "   161" 
   162 "   162" 
   163 "   163" 
   164 "   164" 
   165 "   165" 
   166 "   166" 
   167 "   167" 
   168 "   168" 
   169 "   169" 
   170 "   170" 
   171 "   171" 
   172 "   172" 
   173 "   173" 
   174 "   174" 
   175 "   175" 
   176 "   176" 
   177 "   177" 
   178 "   178" 
   179 "   179" 
   180 "   180" 
   181 "   181" 
   182 "   182" 
   183 "   183" 
   184 "   184" 
   185 "   185" 
   186 "   186" 
   187 "   187" 
   188 "   188" 
   189 "   189" 
   190 "   190" 
   191 "   191" 
   192 "   192" 
   193 "   193" 
   194 "   194" 
   195 "   195" 
   196 "   196" 
   197 "   197" 
   198 "   198" 
   199 "   199" 
   200 "   200" 
   201 "   201" 
   202 "   202" 
   203 "   203" 
   204 "   204" 
   205 "   205" 
   206 "   206" 
   207 "   207" 
   208 "   208" 
   209 "   209" 
   210 "   210" 
   211 "   211" 
   212 "   212" 
   213 "   213" 
   214 "   214" 
   215 "   215" 
   216 "   216" 
   217 "   217" 
   218 "   218" 
   219 "   219" 
   220 "   220" 
   221 "   221" 
   222 "   222" 
   223 "   223" 
   224 "   224" 
   225 "   225" 
   226 "   226" 
   227 "   227" 
   228 "   228" 
   229 "   229" 
   230 "   230" 
   231 "   231" 
   232 "   232" 
   233 "   233" 
   234 "   234" 
   235 "   235" 
   236 "   236" 
   237 "   237" 
   238 "   238" 
   239 "   239" 
   240 "   240" 
   241 "   241" 
   242 "   242" 
   243 "   243" 
   244 "   244" 
   245 "   245" 
   246 "   246" 
   247 "   247" 
   248 "   248" 
   249 "   249" 
   250 "   250" 
   251 "   251" 
   252 "   252" 
   253 "   253" 
   254 "   254" 
   255 "   255" 
   256 "   256" 
   257 "   257" 
   258 "   258" 
   259 "   259" 
   260 "   260" 
   261 "   261" 
   262 "   262" 
   263 "   263" 
   264 "   264" 
*edges 
     1      2 0.697211 
     1    142 0.698842 
     2      1 0.697211 
     2     29 0.562574 
     2     77 0.609947 
     2    142 0.810371 
     2    158 0.578354 
     2    165 0.613781 
     2    170 0.531323 
     2    171 0.564768 
     2    178 0.531394 
     2    251 0.575543 
     3      5 0.510956 
     4    253 0.383996 
     5      3 0.510956 
     5     10 0.310690 
     5    132 0.392150 
     6     77 0.341596 
     7    125 0.309012 
     8    174 0.326994 
     9     96 0.346976 
    10      5 0.310690 
    11     83 0.377562 
    12    113 0.471082 
    13    136 0.627172 
    13    165 0.548642 
    13    178 0.627104 
    13    251 0.584952 
    13    263 0.648882 
    14     21 0.281022 
    15     18 0.568758 
    15     21 0.526747 
    15     24 0.528219 
    15     29 0.679611 
    15     36 0.588399 
    15     38 0.566361 
    15     39 0.679044 
    15     40 0.665575 
    15     44 0.550358 
    15     65 0.530393 
    15     71 0.548114 
    15    160 0.577991 
    16     51 0.503491 
    17     31 0.698595 
    17     35 0.591463 
    17     40 0.617931 
    18     15 0.568758 
    18     19 0.547138 
    18     22 0.704001 
    18     23 0.570938 
    18     24 0.548531 
    18     27 0.557418 
    18     28 0.539289 
    18     29 0.520095 
    18     35 0.669056 
    18     36 0.565110 
    18     38 0.663242 
    18     39 0.630627 
    18    251 0.588994 
    18    263 0.524838 
    19     18 0.547138 
    19     22 0.586711 
    19     27 0.623216 
    19     31 0.533795 
    19     35 0.652484 
    19     37 0.561729 
    19     38 0.566425 
    19     50 0.540663 
    20     24 0.583030 
    20     26 0.637791 
    20     27 0.536350 
    20     30 0.543226 
    20     33 0.564103 
    20     36 0.602450 
    20     72 0.617148 
    21     14 0.281022 
    21     15 0.526747 
    21     26 0.523048 
    21     29 0.714270 
    21     36 0.661060 
    21     39 0.521261 
    21     41 0.527287 
    21     44 0.551122 
    21     46 0.566947 
    21    160 0.559023 
    22     18 0.704001 
    22     19 0.586711 
    22     23 0.593336 
    22     27 0.586969 
    22     28 0.526480 
    22     31 0.537109 
    22     35 0.693389 
    22     38 0.737576 
    22     39 0.559501 
    22     50 0.531143 
    22    203 0.521628 
    22    251 0.712591 
    22    263 0.613842 
    23     18 0.570938 
    23     22 0.593336 
    23     27 0.558580 
    23     32 0.595246 
    23     35 0.556801 
    23     50 0.579238 
    24     15 0.528219 
    24     18 0.548531 
    24     20 0.583030 
    24     27 0.625662 
    24     28 0.531344 
    24     29 0.581805 
    24     36 0.616496 
    24     39 0.574694 
    24     41 0.578442 
    24     44 0.588690 
    24     51 0.514154 
    25     26 0.480458 
    25     49 0.466606 
    26     20 0.637791 
    26     21 0.523048 
    26     25 0.480458 
    26     36 0.653275 
    26     41 0.547674 
    26     72 0.716620 
    26    251 0.524345 
    26    252 0.541315 
    26    255 0.514378 
    26    256 0.522766 
    27     18 0.557418 
    27     19 0.623216 
    27     20 0.536350 
    27     22 0.586969 
    27     23 0.558580 
    27     24 0.625662 
    27     29 0.563521 
    27     35 0.585587 
    27     37 0.836710 
    27     38 0.683132 
    27     39 0.522035 
    28     18 0.539289 
    28     22 0.526480 
    28     24 0.531344 
    28     34 0.535250 
    28     35 0.522991 
    28     39 0.670898 
    28    203 0.545117 
    29      2 0.562574 
    29     15 0.679611 
    29     18 0.520095 
    29     21 0.714270 
    29     24 0.581805 
    29     27 0.563521 
    29     36 0.701774 
    29     37 0.578714 
    29     38 0.654219 
    29     44 0.608065 
    29     45 0.523833 
    29     46 0.555031 
    29     71 0.600628 
    29    142 0.521800 
    29    160 0.587402 
    29    178 0.536992 
    29    251 0.569064 
    30     20 0.543226 
    30     33 0.593064 
    30    166 0.558902 
    30    263 0.538090 
    31     17 0.698595 
    31     19 0.533795 
    31     22 0.537109 
    31     35 0.824733 
    31     50 0.628938 
    31     53 0.625676 
    32     23 0.595246 
    32    138 0.553041 
    33     20 0.564103 
    33     30 0.593064 
    33    264 0.566023 
    34     28 0.535250 
    35     17 0.591463 
    35     18 0.669056 
    35     19 0.652484 
    35     22 0.693389 
    35     23 0.556801 
    35     27 0.585587 
    35     28 0.522991 
    35     31 0.824733 
    35     50 0.739453 
    35     53 0.549059 
    36     15 0.588399 
    36     18 0.565110 
    36     20 0.602450 
    36     21 0.661060 
    36     24 0.616496 
    36     26 0.653275 
    36     29 0.701774 
    36     38 0.556434 
    36     39 0.532448 
    36     41 0.696379 
    36     44 0.565885 
    36     46 0.526640 
    36     67 0.543950 
    36     72 0.612211 
    36    156 0.533703 
    36    160 0.613290 
    36    251 0.574834 
    37     19 0.561729 
    37     27 0.836710 
    37     29 0.578714 
    37     38 0.587589 
    38     15 0.566361 
    38     18 0.663242 
    38     19 0.566425 
    38     22 0.737576 
    38     27 0.683132 
    38     29 0.654219 
    38     36 0.556434 
    38     37 0.587589 
    38    251 0.610524 
    38    263 0.523801 
    39     15 0.679044 
    39     18 0.630627 
    39     21 0.521261 
    39     22 0.559501 
    39     24 0.574694 
    39     27 0.522035 
    39     28 0.670898 
    39     36 0.532448 
    39     40 0.667860 
    39     41 0.592440 
    40     15 0.665575 
    40     17 0.617931 
    40     39 0.667860 
    41     21 0.527287 
    41     24 0.578442 
    41     26 0.547674 
    41     36 0.696379 
    41     39 0.592440 
    42     44 0.582844 
    42     45 0.677207 
    42     71 0.531900 
    43     44 0.525161 
    43     65 0.531928 
    43     67 0.520369 
    43     71 0.585907 
    44     15 0.550358 
    44     21 0.551122 
    44     24 0.588690 
    44     29 0.608065 
    44     36 0.565885 
    44     42 0.582844 
    44     43 0.525161 
    44     45 0.708328 
    44     70 0.564491 
    44     71 0.757264 
    45     29 0.523833 
    45     42 0.677207 
    45     44 0.708328 
    45     65 0.539515 
    45     70 0.594791 
    45     71 0.729171 
    46     21 0.566947 
    46     29 0.555031 
    46     36 0.526640 
    46     72 0.541739 
    47     50 0.578873 
    47     54 0.518541 
    48     72 0.563357 
    49     25 0.466606 
    50     19 0.540663 
    50     22 0.531143 
    50     23 0.579238 
    50     31 0.628938 
    50     35 0.739453 
    50     47 0.578873 
    50     53 0.705539 
    51     16 0.503491 
    51     24 0.514154 
    52    231 0.522972 
    53     31 0.625676 
    53     35 0.549059 
    53     50 0.705539 
    53    205 0.527886 
    54     47 0.518541 
    55     65 0.407537 
    56     58 0.737784 
    56     65 0.639728 
    56     71 0.557362 
    56     82 0.484207 
    56    217 0.580060 
    57    231 0.582585 
    57    232 0.570094 
    58     56 0.737784 
    58     65 0.564189 
    58    217 0.571270 
    59    113 0.661329 
    59    122 0.564222 
    59    134 0.525698 
    59    202 0.587747 
    59    212 0.643011 
    59    215 0.744309 
    59    216 0.623759 
    59    217 0.666084 
    60    211 0.378322 
    60    231 0.613920 
    61     73 0.479849 
    61    207 0.369762 
    62    159 0.434538 
    63     65 0.590573 
    63     67 0.556084 
    63    152 0.529676 
    63    159 0.553831 
    64     67 0.460205 
    65     15 0.530393 
    65     43 0.531928 
    65     45 0.539515 
    65     55 0.407537 
    65     56 0.639728 
    65     58 0.564189 
    65     63 0.590573 
    65     66 0.570643 
    65     67 0.660959 
    65     68 0.540507 
    65     70 0.564956 
    65     71 0.606535 
    66     65 0.570643 
    66    145 0.537877 
    66    163 0.531505 
    67     36 0.543950 
    67     43 0.520369 
    67     63 0.556084 
    67     64 0.460205 
    67     65 0.660959 
    67     71 0.571653 
    68     65 0.540507 
    69    156 0.372697 
    70     44 0.564491 
    70     45 0.594791 
    70     65 0.564956 
    70     71 0.646316 
    71     15 0.548114 
    71     29 0.600628 
    71     42 0.531900 
    71     43 0.585907 
    71     44 0.757264 
    71     45 0.729171 
    71     56 0.557362 
    71     65 0.606535 
    71     67 0.571653 
    71     70 0.646316 
    72     20 0.617148 
    72     26 0.716620 
    72     36 0.612211 
    72     46 0.541739 
    72     48 0.563357 
    73     61 0.479849 
    74     80 0.544547 
    75    110 0.333525 
    76    110 0.465741 
    76    125 0.503364 
    77      2 0.609947 
    77      6 0.341596 
    77     85 0.354754 
    77     90 0.690414 
    77     91 0.568288 
    77     95 0.600781 
    77    133 0.534480 
    77    142 0.559772 
    77    150 0.536600 
    77    160 0.670096 
    77    163 0.579245 
    77    170 0.521772 
    78    132 0.396249 
    79     86 0.692435 
    79     87 0.618712 
    79     88 0.602798 
    79    103 0.574197 
    79    115 0.582265 
    79    117 0.597108 
    79    118 0.686685 
    79    120 0.650890 
    79    129 0.708743 
    79    261 0.579722 
    80     74 0.544547 
    80     94 0.526317 
    80    136 0.612637 
    80    235 0.572628 
    81    129 0.404832 
    82     56 0.484207 
    82    128 0.426345 
    82    248 0.382863 
    83     11 0.377562 
    83     86 0.546741 
    84    103 0.465801 
    85     77 0.354754 
    86     79 0.692435 
    86     83 0.546741 
    86     87 0.823167 
    86     88 0.787128 
    86     89 0.568054 
    86     96 0.627892 
    86     97 0.532784 
    86    103 0.669029 
    86    115 0.676221 
    86    118 0.631321 
    86    120 0.715416 
    86    133 0.594572 
    86    134 0.520213 
    86    174 0.583601 
    86    195 0.621176 
    86    197 0.573403 
    86    201 0.575801 
    86    221 0.576418 
    86    242 0.575282 
    87     79 0.618712 
    87     86 0.823167 
    87     88 0.727948 
    87    103 0.661894 
    87    115 0.597692 
    87    118 0.557869 
    87    120 0.701748 
    87    133 0.553669 
    87    174 0.565846 
    87    195 0.550459 
    87    197 0.566486 
    88     79 0.602798 
    88     86 0.787128 
    88     87 0.727948 
    88     89 0.630399 
    88     92 0.581016 
    88     96 0.529116 
    88    103 0.651837 
    88    107 0.540286 
    88    115 0.580773 
    88    118 0.606076 
    88    120 0.634316 
    88    133 0.629201 
    88    221 0.651630 
    89     86 0.568054 
    89     88 0.630399 
    89     92 0.663759 
    89     96 0.701856 
    89     97 0.574563 
    89    103 0.524064 
    89    130 0.521127 
    89    133 0.525220 
    89    134 0.621700 
    89    221 0.682680 
    90     77 0.690414 
    90     91 0.547048 
    90     95 0.694328 
    90    133 0.558561 
    90    160 0.568332 
    90    163 0.530158 
    91     77 0.568288 
    91     90 0.547048 
    91    133 0.532783 
    92     88 0.581016 
    92     89 0.663759 
    92     96 0.534739 
    92     97 0.566019 
    92    101 0.521148 
    92    130 0.524552 
    92    136 0.559392 
    93    134 0.548714 
    93    163 0.550216 
    94     80 0.526317 
    94    133 0.549558 
    94    136 0.568490 
    94    203 0.555743 
    95     77 0.600781 
    95     90 0.694328 
    95    163 0.534357 
    96      9 0.346976 
    96     86 0.627892 
    96     88 0.529116 
    96     89 0.701856 
    96     92 0.534739 
    96     97 0.681999 
    96    101 0.524071 
    96    104 0.569767 
    96    130 0.624976 
    96    175 0.550665 
    96    177 0.547110 
    96    192 0.655036 
    96    193 0.615515 
    96    195 0.558517 
    96    196 0.667012 
    96    218 0.536332 
    97     86 0.532784 
    97     89 0.574563 
    97     92 0.566019 
    97     96 0.681999 
    97    101 0.708188 
    97    103 0.612601 
    97    104 0.647263 
    97    106 0.524810 
    97    121 0.599160 
    98     99 0.740651 
    98    100 0.714021 
    98    101 0.535455 
    98    115 0.579510 
    98    120 0.552787 
    99     98 0.740651 
    99    100 0.726282 
   100     98 0.714021 
   100     99 0.726282 
   101     92 0.521148 
   101     96 0.524071 
   101     97 0.708188 
   101     98 0.535455 
   101    103 0.545791 
   101    104 0.607876 
   101    112 0.529630 
   101    113 0.544858 
   101    214 0.534798 
   102    214 0.493578 
   103     79 0.574197 
   103     84 0.465801 
   103     86 0.669029 
   103     87 0.661894 
   103     88 0.651837 
   103     89 0.524064 
   103     97 0.612601 
   103    101 0.545791 
   103    104 0.719992 
   103    107 0.606178 
   103    113 0.592741 
   103    115 0.640753 
   103    118 0.577780 
   103    120 0.575142 
   103    133 0.542058 
   103    137 0.550863 
   103    174 0.603933 
   103    197 0.641426 
   103    221 0.560528 
   103    242 0.560500 
   103    249 0.464670 
   104     96 0.569767 
   104     97 0.647263 
   104    101 0.607876 
   104    103 0.719992 
   104    106 0.562990 
   104    113 0.550115 
   104    121 0.602226 
   104    175 0.527111 
   104    177 0.559755 
   104    184 0.539272 
   104    197 0.616137 
   104    218 0.581687 
   104    219 0.573576 
   105    108 0.572443 
   105    112 0.588176 
   106     97 0.524810 
   106    104 0.562990 
   106    121 0.570965 
   106    218 0.591510 
   107     88 0.540286 
   107    103 0.606178 
   107    109 0.595454 
   107    113 0.604519 
   107    221 0.555495 
   108    105 0.572443 
   108    113 0.523145 
   108    132 0.436007 
   109    107 0.595454 
   109    110 0.493769 
   109    113 0.617544 
   110     75 0.333525 
   110     76 0.465741 
   110    109 0.493769 
   111    113 0.552511 
   111    115 0.572181 
   111    122 0.589007 
   111    137 0.610471 
   112    101 0.529630 
   112    105 0.588176 
   112    115 0.553752 
   112    202 0.561129 
   112    213 0.528380 
   113     12 0.471082 
   113     59 0.661329 
   113    101 0.544858 
   113    103 0.592741 
   113    104 0.550115 
   113    107 0.604519 
   113    108 0.523145 
   113    109 0.617544 
   113    111 0.552511 
   113    115 0.600321 
   113    122 0.677805 
   113    202 0.624235 
   113    215 0.706432 
   113    216 0.553564 
   113    217 0.531538 
   113    219 0.563416 
   114    214 0.572448 
   114    220 0.526924 
   115     79 0.582265 
   115     86 0.676221 
   115     87 0.597692 
   115     88 0.580773 
   115     98 0.579510 
   115    103 0.640753 
   115    111 0.572181 
   115    112 0.553752 
   115    113 0.600321 
   115    118 0.531678 
   115    120 0.579544 
   115    137 0.521726 
   115    174 0.582482 
   115    201 0.530666 
   115    202 0.529159 
   115    242 0.529866 
   116    179 0.490854 
   117     79 0.597108 
   117    129 0.713313 
   117    239 0.539741 
   118     79 0.686685 
   118     86 0.631321 
   118     87 0.557869 
   118     88 0.606076 
   118    103 0.577780 
   118    115 0.531678 
   118    120 0.597176 
   118    129 0.531303 
   118    131 0.374004 
   118    137 0.648940 
   118    174 0.617569 
   118    242 0.667141 
   118    261 0.652155 
   119    200 0.502085 
   120     79 0.650890 
   120     86 0.715416 
   120     87 0.701748 
   120     88 0.634316 
   120     98 0.552787 
   120    103 0.575142 
   120    115 0.579544 
   120    118 0.597176 
   120    174 0.602920 
   121     97 0.599160 
   121    104 0.602226 
   121    106 0.570965 
   121    218 0.602635 
   122     59 0.564222 
   122    111 0.589007 
   122    113 0.677805 
   122    202 0.545126 
   122    215 0.563457 
   122    219 0.522226 
   123    139 0.314003 
   124    126 0.453588 
   124    143 0.548983 
   124    150 0.635646 
   125      7 0.309012 
   125     76 0.503364 
   126    124 0.453588 
   127    183 0.781389 
   127    184 0.741166 
   127    185 0.539344 
   128     82 0.426345 
   129     79 0.708743 
   129     81 0.404832 
   129    117 0.713313 
   129    118 0.531303 
   130     89 0.521127 
   130     92 0.524552 
   130     96 0.624976 
   131    118 0.374004 
   132      5 0.392150 
   132     78 0.396249 
   132    108 0.436007 
   133     77 0.534480 
   133     86 0.594572 
   133     87 0.553669 
   133     88 0.629201 
   133     89 0.525220 
   133     90 0.558561 
   133     91 0.532783 
   133     94 0.549558 
   133    103 0.542058 
   133    136 0.625623 
   133    197 0.523619 
   133    221 0.732831 
   134     59 0.525698 
   134     86 0.520213 
   134     89 0.621700 
   134     93 0.548714 
   134    135 0.472552 
   134    136 0.520017 
   134    215 0.521660 
   134    221 0.623470 
   135    134 0.472552 
   136     13 0.627172 
   136     80 0.612637 
   136     92 0.559392 
   136     94 0.568490 
   136    133 0.625623 
   136    134 0.520017 
   136    235 0.603909 
   137    103 0.550863 
   137    111 0.610471 
   137    115 0.521726 
   137    118 0.648940 
   137    139 0.542289 
   137    174 0.685906 
   137    201 0.521298 
   137    228 0.513463 
   137    242 0.602896 
   138     32 0.553041 
   139    123 0.314003 
   139    137 0.542289 
   140    141 0.301727 
   140    142 0.559423 
   140    145 0.570192 
   140    146 0.550053 
   140    149 0.590372 
   140    155 0.546074 
   140    158 0.611295 
   140    162 0.535688 
   140    170 0.617313 
   141    140 0.301727 
   142      1 0.698842 
   142      2 0.810371 
   142     29 0.521800 
   142     77 0.559772 
   142    140 0.559423 
   142    146 0.558490 
   142    158 0.564460 
   142    165 0.652005 
   142    170 0.566252 
   142    179 0.577166 
   142    251 0.595959 
   142    254 0.551999 
   143    124 0.548983 
   144    151 0.542697 
   144    157 0.527148 
   144    169 0.651696 
   145     66 0.537877 
   145    140 0.570192 
   145    146 0.788251 
   145    148 0.545047 
   145    150 0.568537 
   145    152 0.626385 
   145    159 0.532144 
   145    160 0.529485 
   145    163 0.703763 
   145    167 0.661888 
   145    170 0.749145 
   146    140 0.550053 
   146    142 0.558490 
   146    145 0.788251 
   146    151 0.535981 
   146    152 0.633636 
   146    155 0.556344 
   146    160 0.576431 
   146    163 0.588142 
   146    167 0.644914 
   146    170 0.778869 
   147    149 0.522930 
   147    150 0.674005 
   147    157 0.669369 
   148    145 0.545047 
   148    152 0.585961 
   148    159 0.541358 
   148    160 0.543799 
   148    163 0.636064 
   148    167 0.529142 
   149    140 0.590372 
   149    147 0.522930 
   149    151 0.589642 
   149    154 0.532457 
   149    155 0.750119 
   149    157 0.543370 
   149    158 0.539720 
   149    162 0.810166 
   149    166 0.596903 
   149    169 0.567109 
   149    171 0.550353 
   149    172 0.609193 
   149    173 0.561510 
   149    251 0.540947 
   149    252 0.572172 
   149    256 0.603540 
   149    257 0.580306 
   150     77 0.536600 
   150    124 0.635646 
   150    145 0.568537 
   150    147 0.674005 
   150    151 0.572630 
   150    152 0.539761 
   150    157 0.541845 
   150    159 0.533917 
   150    160 0.591304 
   150    163 0.550782 
   150    172 0.635751 
   151    144 0.542697 
   151    146 0.535981 
   151    149 0.589642 
   151    150 0.572630 
   151    152 0.537577 
   151    155 0.680419 
   151    156 0.562558 
   151    160 0.614593 
   151    163 0.586123 
   151    167 0.532065 
   151    172 0.705212 
   152     63 0.529676 
   152    145 0.626385 
   152    146 0.633636 
   152    148 0.585961 
   152    150 0.539761 
   152    151 0.537577 
   152    159 0.657795 
   152    160 0.671623 
   152    163 0.647328 
   152    167 0.573919 
   153    253 0.501860 
   154    149 0.532457 
   154    164 0.592735 
   155    140 0.546074 
   155    146 0.556344 
   155    149 0.750119 
   155    151 0.680419 
   155    156 0.609708 
   155    162 0.601579 
   155    166 0.529420 
   155    167 0.571005 
   155    170 0.549690 
   155    171 0.522837 
   155    172 0.528793 
   155    251 0.550509 
   156     36 0.533703 
   156     69 0.372697 
   156    151 0.562558 
   156    155 0.609708 
   156    159 0.524410 
   156    163 0.563653 
   156    166 0.526028 
   156    167 0.540680 
   156    257 0.527492 
   157    144 0.527148 
   157    147 0.669369 
   157    149 0.543370 
   157    150 0.541845 
   157    162 0.583868 
   158      2 0.578354 
   158    140 0.611295 
   158    142 0.564460 
   158    149 0.539720 
   158    171 0.624615 
   159     62 0.434538 
   159     63 0.553831 
   159    145 0.532144 
   159    148 0.541358 
   159    150 0.533917 
   159    152 0.657795 
   159    156 0.524410 
   159    163 0.628709 
   159    167 0.523761 
   160     15 0.577991 
   160     21 0.559023 
   160     29 0.587402 
   160     36 0.613290 
   160     77 0.670096 
   160     90 0.568332 
   160    145 0.529485 
   160    146 0.576431 
   160    148 0.543799 
   160    150 0.591304 
   160    151 0.614593 
   160    152 0.671623 
   160    163 0.654156 
   160    167 0.550995 
   160    172 0.546146 
   161    172 0.526467 
   161    252 0.565804 
   161    256 0.582545 
   161    257 0.591638 
   162    140 0.535688 
   162    149 0.810166 
   162    155 0.601579 
   162    157 0.583868 
   162    164 0.549885 
   162    166 0.525710 
   162    169 0.573271 
   162    171 0.551167 
   162    173 0.557410 
   162    251 0.564070 
   162    252 0.565123 
   162    256 0.600761 
   162    257 0.551957 
   163     66 0.531505 
   163     77 0.579245 
   163     90 0.530158 
   163     93 0.550216 
   163     95 0.534357 
   163    145 0.703763 
   163    146 0.588142 
   163    148 0.636064 
   163    150 0.550782 
   163    151 0.586123 
   163    152 0.647328 
   163    156 0.563653 
   163    159 0.628709 
   163    160 0.654156 
   163    167 0.729826 
   163    170 0.560831 
   163    172 0.520958 
   164    154 0.592735 
   164    162 0.549885 
   164    169 0.639294 
   164    173 0.637106 
   164    252 0.601513 
   164    257 0.593621 
   164    262 0.599044 
   165      2 0.613781 
   165     13 0.548642 
   165    142 0.652005 
   165    168 0.614458 
   165    170 0.522883 
   165    178 0.566427 
   165    179 0.687824 
   165    253 0.687036 
   165    254 0.622804 
   166     30 0.558902 
   166    149 0.596903 
   166    155 0.529420 
   166    156 0.526028 
   166    162 0.525710 
   166    256 0.587226 
   166    259 0.552454 
   167    145 0.661888 
   167    146 0.644914 
   167    148 0.529142 
   167    151 0.532065 
   167    152 0.573919 
   167    155 0.571005 
   167    156 0.540680 
   167    159 0.523761 
   167    160 0.550995 
   167    163 0.729826 
   167    170 0.601586 
   168    165 0.614458 
   168    253 0.620788 
   169    144 0.651696 
   169    149 0.567109 
   169    162 0.573271 
   169    164 0.639294 
   169    173 0.616884 
   169    252 0.580977 
   169    257 0.553772 
   170      2 0.531323 
   170     77 0.521772 
   170    140 0.617313 
   170    142 0.566252 
   170    145 0.749145 
   170    146 0.778869 
   170    155 0.549690 
   170    163 0.560831 
   170    165 0.522883 
   170    167 0.601586 
   171      2 0.564768 
   171    149 0.550353 
   171    155 0.522837 
   171    158 0.624615 
   171    162 0.551167 
   171    251 0.572519 
   172    149 0.609193 
   172    150 0.635751 
   172    151 0.705212 
   172    155 0.528793 
   172    160 0.546146 
   172    161 0.526467 
   172    163 0.520958 
   173    149 0.561510 
   173    162 0.557410 
   173    164 0.637106 
   173    169 0.616884 
   174      8 0.326994 
   174     86 0.583601 
   174     87 0.565846 
   174    103 0.603933 
   174    115 0.582482 
   174    118 0.617569 
   174    120 0.602920 
   174    137 0.685906 
   174    201 0.531640 
   174    242 0.526166 
   174    250 0.518568 
   174    261 0.602595 
   175     96 0.550665 
   175    104 0.527111 
   175    188 0.532737 
   175    193 0.553061 
   175    195 0.521308 
   175    196 0.580851 
   175    202 0.596146 
   175    216 0.534099 
   176    187 0.537209 
   176    191 0.631759 
   177     96 0.547110 
   177    104 0.559755 
   177    195 0.648630 
   177    202 0.648758 
   177    204 0.566817 
   177    215 0.533397 
   178      2 0.531394 
   178     13 0.627104 
   178     29 0.536992 
   178    165 0.566427 
   178    251 0.579878 
   178    261 0.595586 
   178    263 0.583625 
   179    116 0.490854 
   179    142 0.577166 
   179    165 0.687824 
   179    253 0.535174 
   179    254 0.655728 
   180    181 0.550436 
   180    182 0.433009 
   181    180 0.550436 
   182    180 0.433009 
   182    254 0.467535 
   183    127 0.781389 
   183    184 0.708433 
   183    185 0.624613 
   183    243 0.543319 
   183    244 0.488505 
   183    246 0.528123 
   184    104 0.539272 
   184    127 0.741166 
   184    183 0.708433 
   184    185 0.565143 
   184    195 0.534323 
   184    197 0.557396 
   185    127 0.539344 
   185    183 0.624613 
   185    184 0.565143 
   186    199 0.553174 
   187    176 0.537209 
   187    188 0.592577 
   187    191 0.600176 
   187    195 0.567567 
   187    201 0.600422 
   187    202 0.587937 
   187    213 0.585365 
   188    175 0.532737 
   188    187 0.592577 
   188    197 0.556015 
   188    201 0.623549 
   188    202 0.646413 
   189    216 0.565439 
   189    218 0.597729 
   190    192 0.631720 
   190    204 0.586339 
   190    218 0.524065 
   191    176 0.631759 
   191    187 0.600176 
   191    199 0.550136 
   191    260 0.587841 
   192     96 0.655036 
   192    190 0.631720 
   192    193 0.559431 
   192    194 0.442247 
   192    196 0.640664 
   192    200 0.527960 
   193     96 0.615515 
   193    175 0.553061 
   193    192 0.559431 
   193    196 0.567337 
   193    218 0.530077 
   194    192 0.442247 
   195     86 0.621176 
   195     87 0.550459 
   195     96 0.558517 
   195    175 0.521308 
   195    177 0.648630 
   195    184 0.534323 
   195    187 0.567567 
   195    197 0.558031 
   195    201 0.525826 
   195    202 0.680921 
   195    221 0.561096 
   195    242 0.606257 
   196     96 0.667012 
   196    175 0.580851 
   196    192 0.640664 
   196    193 0.567337 
   196    200 0.522463 
   197     86 0.573403 
   197     87 0.566486 
   197    103 0.641426 
   197    104 0.616137 
   197    133 0.523619 
   197    184 0.557396 
   197    188 0.556015 
   197    195 0.558031 
   197    198 0.555939 
   197    201 0.578457 
   198    197 0.555939 
   199    186 0.553174 
   199    191 0.550136 
   200    119 0.502085 
   200    192 0.527960 
   200    196 0.522463 
   201     86 0.575801 
   201    115 0.530666 
   201    137 0.521298 
   201    174 0.531640 
   201    187 0.600422 
   201    188 0.623549 
   201    195 0.525826 
   201    197 0.578457 
   201    242 0.571752 
   202     59 0.587747 
   202    112 0.561129 
   202    113 0.624235 
   202    115 0.529159 
   202    122 0.545126 
   202    175 0.596146 
   202    177 0.648758 
   202    187 0.587937 
   202    188 0.646413 
   202    195 0.680921 
   202    213 0.732006 
   202    215 0.665842 
   202    216 0.692446 
   202    242 0.570982 
   203     22 0.521628 
   203     28 0.545117 
   203     94 0.555743 
   204    177 0.566817 
   204    190 0.586339 
   204    206 0.543251 
   204    215 0.623758 
   204    218 0.578478 
   204    235 0.553350 
   205     53 0.527886 
   206    204 0.543251 
   206    218 0.608487 
   206    219 0.610775 
   206    220 0.529163 
   207     61 0.369762 
   207    210 0.483732 
   207    217 0.497295 
   208    212 0.535948 
   209    217 0.484856 
   210    207 0.483732 
   211     60 0.378322 
   212     59 0.643011 
   212    208 0.535948 
   212    213 0.526144 
   212    215 0.534101 
   213    112 0.528380 
   213    187 0.585365 
   213    202 0.732006 
   213    212 0.526144 
   213    216 0.667066 
   213    242 0.542435 
   214    101 0.534798 
   214    102 0.493578 
   214    114 0.572448 
   214    219 0.594294 
   214    220 0.575148 
   215     59 0.744309 
   215    113 0.706432 
   215    122 0.563457 
   215    134 0.521660 
   215    177 0.533397 
   215    202 0.665842 
   215    204 0.623758 
   215    212 0.534101 
   215    216 0.637454 
   215    217 0.640866 
   215    219 0.551940 
   216     59 0.623759 
   216    113 0.553564 
   216    175 0.534099 
   216    189 0.565439 
   216    202 0.692446 
   216    213 0.667066 
   216    215 0.637454 
   217     56 0.580060 
   217     58 0.571270 
   217     59 0.666084 
   217    113 0.531538 
   217    207 0.497295 
   217    209 0.484856 
   217    215 0.640866 
   218     96 0.536332 
   218    104 0.581687 
   218    106 0.591510 
   218    121 0.602635 
   218    189 0.597729 
   218    190 0.524065 
   218    193 0.530077 
   218    204 0.578478 
   218    206 0.608487 
   218    219 0.577976 
   219    104 0.573576 
   219    113 0.563416 
   219    122 0.522226 
   219    206 0.610775 
   219    214 0.594294 
   219    215 0.551940 
   219    218 0.577976 
   219    220 0.556076 
   220    114 0.526924 
   220    206 0.529163 
   220    214 0.575148 
   220    219 0.556076 
   221     86 0.576418 
   221     88 0.651630 
   221     89 0.682680 
   221    103 0.560528 
   221    107 0.555495 
   221    133 0.732831 
   221    134 0.623470 
   221    195 0.561096 
   221    242 0.531868 
   222    226 0.488155 
   223    234 0.652568 
   224    225 0.804807 
   224    234 0.556876 
   225    224 0.804807 
   225    226 0.425897 
   225    234 0.631191 
   226    222 0.488155 
   226    225 0.425897 
   227    228 0.539445 
   227    230 0.596010 
   228    137 0.513463 
   228    227 0.539445 
   228    230 0.569525 
   228    233 0.706887 
   228    234 0.573833 
   229    230 0.649089 
   229    231 0.717710 
   229    232 0.620397 
   230    227 0.596010 
   230    228 0.569525 
   230    229 0.649089 
   230    231 0.730964 
   230    232 0.544385 
   230    233 0.581601 
   231     52 0.522972 
   231     57 0.582585 
   231     60 0.613920 
   231    229 0.717710 
   231    230 0.730964 
   231    232 0.721289 
   232     57 0.570094 
   232    229 0.620397 
   232    230 0.544385 
   232    231 0.721289 
   233    228 0.706887 
   233    230 0.581601 
   233    234 0.609118 
   234    223 0.652568 
   234    224 0.556876 
   234    225 0.631191 
   234    228 0.573833 
   234    233 0.609118 
   235     80 0.572628 
   235    136 0.603909 
   235    204 0.553350 
   235    240 0.626063 
   236    237 0.529406 
   236    238 0.532321 
   236    253 0.542517 
   236    257 0.574336 
   237    236 0.529406 
   238    236 0.532321 
   238    239 0.619221 
   239    117 0.539741 
   239    238 0.619221 
   240    235 0.626063 
   240    241 0.497143 
   241    240 0.497143 
   242     86 0.575282 
   242    103 0.560500 
   242    115 0.529866 
   242    118 0.667141 
   242    137 0.602896 
   242    174 0.526166 
   242    195 0.606257 
   242    201 0.571752 
   242    202 0.570982 
   242    213 0.542435 
   242    221 0.531868 
   243    183 0.543319 
   243    245 0.618175 
   243    246 0.672354 
   244    183 0.488505 
   245    243 0.618175 
   246    183 0.528123 
   246    243 0.672354 
   247    248 0.694330 
   248     82 0.382863 
   248    247 0.694330 
   249    103 0.464670 
   250    174 0.518568 
   251      2 0.575543 
   251     13 0.584952 
   251     18 0.588994 
   251     22 0.712591 
   251     26 0.524345 
   251     29 0.569064 
   251     36 0.574834 
   251     38 0.610524 
   251    142 0.595959 
   251    149 0.540947 
   251    155 0.550509 
   251    162 0.564070 
   251    171 0.572519 
   251    178 0.579878 
   251    256 0.562922 
   251    258 0.593682 
   251    259 0.594450 
   251    263 0.788670 
   252     26 0.541315 
   252    149 0.572172 
   252    161 0.565804 
   252    162 0.565123 
   252    164 0.601513 
   252    169 0.580977 
   252    256 0.639313 
   252    257 0.693354 
   252    259 0.545452 
   253      4 0.383996 
   253    153 0.501860 
   253    165 0.687036 
   253    168 0.620788 
   253    179 0.535174 
   253    236 0.542517 
   253    254 0.585545 
   254    142 0.551999 
   254    165 0.622804 
   254    179 0.655728 
   254    182 0.467535 
   254    253 0.585545 
   254    257 0.536966 
   255     26 0.514378 
   256     26 0.522766 
   256    149 0.603540 
   256    161 0.582545 
   256    162 0.600761 
   256    166 0.587226 
   256    251 0.562922 
   256    252 0.639313 
   256    258 0.535225 
   256    259 0.588611 
   256    260 0.523390 
   257    149 0.580306 
   257    156 0.527492 
   257    161 0.591638 
   257    162 0.551957 
   257    164 0.593621 
   257    169 0.553772 
   257    236 0.574336 
   257    252 0.693354 
   257    254 0.536966 
   257    259 0.523820 
   257    262 0.538419 
   258    251 0.593682 
   258    256 0.535225 
   259    166 0.552454 
   259    251 0.594450 
   259    252 0.545452 
   259    256 0.588611 
   259    257 0.523820 
   259    263 0.533021 
   260    191 0.587841 
   260    256 0.523390 
   261     79 0.579722 
   261    118 0.652155 
   261    174 0.602595 
   261    178 0.595586 
   262    164 0.599044 
   262    257 0.538419 
   263     13 0.648882 
   263     18 0.524838 
   263     22 0.613842 
   263     30 0.538090 
   263     38 0.523801 
   263    178 0.583625 
   263    251 0.788670 
   263    259 0.533021 
   264     33 0.566023 
