*vertices    264 
     1 "     1" 
     2 "     2" 
     3 "     3" 
     4 "     4" 
     5 "     5" 
     6 "     6" 
     7 "     7" 
     8 "     8" 
     9 "     9" 
    10 "    10" 
    11 "    11" 
    12 "    12" 
    13 "    13" 
    14 "    14" 
    15 "    15" 
    16 "    16" 
    17 "    17" 
    18 "    18" 
    19 "    19" 
    20 "    20" 
    21 "    21" 
    22 "    22" 
    23 "    23" 
    24 "    24" 
    25 "    25" 
    26 "    26" 
    27 "    27" 
    28 "    28" 
    29 "    29" 
    30 "    30" 
    31 "    31" 
    32 "    32" 
    33 "    33" 
    34 "    34" 
    35 "    35" 
    36 "    36" 
    37 "    37" 
    38 "    38" 
    39 "    39" 
    40 "    40" 
    41 "    41" 
    42 "    42" 
    43 "    43" 
    44 "    44" 
    45 "    45" 
    46 "    46" 
    47 "    47" 
    48 "    48" 
    49 "    49" 
    50 "    50" 
    51 "    51" 
    52 "    52" 
    53 "    53" 
    54 "    54" 
    55 "    55" 
    56 "    56" 
    57 "    57" 
    58 "    58" 
    59 "    59" 
    60 "    60" 
    61 "    61" 
    62 "    62" 
    63 "    63" 
    64 "    64" 
    65 "    65" 
    66 "    66" 
    67 "    67" 
    68 "    68" 
    69 "    69" 
    70 "    70" 
    71 "    71" 
    72 "    72" 
    73 "    73" 
    74 "    74" 
    75 "    75" 
    76 "    76" 
    77 "    77" 
    78 "    78" 
    79 "    79" 
    80 "    80" 
    81 "    81" 
    82 "    82" 
    83 "    83" 
    84 "    84" 
    85 "    85" 
    86 "    86" 
    87 "    87" 
    88 "    88" 
    89 "    89" 
    90 "    90" 
    91 "    91" 
    92 "    92" 
    93 "    93" 
    94 "    94" 
    95 "    95" 
    96 "    96" 
    97 "    97" 
    98 "    98" 
    99 "    99" 
   100 "   100" 
   101 "   101" 
   102 "   102" 
   103 "   103" 
   104 "   104" 
   105 "   105" 
   106 "   106" 
   107 "   107" 
   108 "   108" 
   109 "   109" 
   110 "   110" 
   111 "   111" 
   112 "   112" 
   113 "   113" 
   114 "   114" 
   115 "   115" 
   116 "   116" 
   117 "   117" 
   118 "   118" 
   119 "   119" 
   120 "   120" 
   121 "   121" 
   122 "   122" 
   123 "   123" 
   124 "   124" 
   125 "   125" 
   126 "   126" 
   127 "   127" 
   128 "   128" 
   129 "   129" 
   130 "   130" 
   131 "   131" 
   132 "   132" 
   133 "   133" 
   134 "   134" 
   135 "   135" 
   136 "   136" 
   137 "   137" 
   138 "   138" 
   139 "   139" 
   140 "   140" 
   141 "   141" 
   142 "   142" 
   143 "   143" 
   144 "   144" 
   145 "   145" 
   146 "   146" 
   147 "   147" 
   148 "   148" 
   149 "   149" 
   150 "   150" 
   151 "   151" 
   152 "   152" 
   153 "   153" 
   154 "   154" 
   155 "   155" 
   156 "   156" 
   157 "   157" 
   158 "   158" 
   159 "   159" 
   160 "   160" 
   161 "   161" 
   162 "   162" 
   163 "   163" 
   164 "   164" 
   165 "   165" 
   166 "   166" 
   167 "   167" 
   168 "   168" 
   169 "   169" 
   170 "   170" 
   171 "   171" 
   172 "   172" 
   173 "   173" 
   174 "   174" 
   175 "   175" 
   176 "   176" 
   177 "   177" 
   178 "   178" 
   179 "   179" 
   180 "   180" 
   181 "   181" 
   182 "   182" 
   183 "   183" 
   184 "   184" 
   185 "   185" 
   186 "   186" 
   187 "   187" 
   188 "   188" 
   189 "   189" 
   190 "   190" 
   191 "   191" 
   192 "   192" 
   193 "   193" 
   194 "   194" 
   195 "   195" 
   196 "   196" 
   197 "   197" 
   198 "   198" 
   199 "   199" 
   200 "   200" 
   201 "   201" 
   202 "   202" 
   203 "   203" 
   204 "   204" 
   205 "   205" 
   206 "   206" 
   207 "   207" 
   208 "   208" 
   209 "   209" 
   210 "   210" 
   211 "   211" 
   212 "   212" 
   213 "   213" 
   214 "   214" 
   215 "   215" 
   216 "   216" 
   217 "   217" 
   218 "   218" 
   219 "   219" 
   220 "   220" 
   221 "   221" 
   222 "   222" 
   223 "   223" 
   224 "   224" 
   225 "   225" 
   226 "   226" 
   227 "   227" 
   228 "   228" 
   229 "   229" 
   230 "   230" 
   231 "   231" 
   232 "   232" 
   233 "   233" 
   234 "   234" 
   235 "   235" 
   236 "   236" 
   237 "   237" 
   238 "   238" 
   239 "   239" 
   240 "   240" 
   241 "   241" 
   242 "   242" 
   243 "   243" 
   244 "   244" 
   245 "   245" 
   246 "   246" 
   247 "   247" 
   248 "   248" 
   249 "   249" 
   250 "   250" 
   251 "   251" 
   252 "   252" 
   253 "   253" 
   254 "   254" 
   255 "   255" 
   256 "   256" 
   257 "   257" 
   258 "   258" 
   259 "   259" 
   260 "   260" 
   261 "   261" 
   262 "   262" 
   263 "   263" 
   264 "   264" 
*edges 
     1      2 0.725910 
     1      8 0.504682 
     1    141 0.650841 
     1    142 0.745113 
     1    149 0.622011 
     1    154 0.601022 
     1    157 0.632489 
     1    168 0.637962 
     1    169 0.618353 
     2      1 0.725910 
     2    142 0.636536 
     3     75 0.473253 
     4    176 0.295810 
     5     76 0.620275 
     5     83 0.548864 
     5     84 0.475850 
     5    116 0.613382 
     6      7 0.585402 
     7      6 0.585402 
     7    125 0.441375 
     7    249 0.291993 
     8      1 0.504682 
     9     96 0.601735 
    10    247 0.312346 
    11    119 0.448790 
    12    133 0.496441 
    13     59 0.593776 
    13     91 0.602839 
    13     94 0.624987 
    13    136 0.723699 
    13    251 0.696440 
    13    263 0.608213 
    14     15 0.559958 
    15     14 0.559958 
    15     22 0.684842 
    15     27 0.607242 
    15     30 0.619638 
    15     37 0.617537 
    15     38 0.602971 
    15     47 0.689704 
    15     59 0.650887 
    15     68 0.636040 
    15    203 0.598092 
    16     40 0.544745 
    17     18 0.605781 
    17     19 0.611236 
    17     21 0.625968 
    17     31 0.529436 
    17     36 0.659454 
    17     39 0.701271 
    17     40 0.703397 
    17     41 0.617523 
    17     42 0.600800 
    18     17 0.605781 
    18     19 0.722228 
    18     23 0.663024 
    18     27 0.614429 
    18     36 0.676901 
    18     39 0.656995 
    18     67 0.600323 
    19     17 0.611236 
    19     18 0.722228 
    19     20 0.597465 
    19     21 0.600882 
    19     23 0.732683 
    19     24 0.621100 
    19     27 0.661119 
    19     34 0.640269 
    19     36 0.718517 
    19     39 0.679421 
    19     40 0.602671 
    19     41 0.633162 
    19     45 0.626057 
    19     67 0.646934 
    19     72 0.600195 
    20     19 0.597465 
    20     21 0.654453 
    20     23 0.661215 
    20     24 0.672280 
    20     26 0.650960 
    20     27 0.694385 
    20     36 0.756578 
    20     39 0.635810 
    20     41 0.653881 
    20     42 0.672954 
    20     45 0.617191 
    20     67 0.667197 
    20     72 0.646935 
    20    149 0.606825 
    21     17 0.625968 
    21     19 0.600882 
    21     20 0.654453 
    21     23 0.698154 
    21     24 0.625246 
    21     26 0.655194 
    21     27 0.782574 
    21     34 0.599605 
    21     36 0.765903 
    21     37 0.790762 
    21     39 0.727438 
    21     40 0.682699 
    21     41 0.718342 
    21     42 0.614062 
    21     45 0.612092 
    21     63 0.600118 
    21     64 0.623115 
    21     67 0.667016 
    22     15 0.684842 
    22     30 0.646412 
    22     32 0.603624 
    22     38 0.723930 
    22    203 0.630433 
    22    251 0.609194 
    22    263 0.623082 
    23     18 0.663024 
    23     19 0.732683 
    23     20 0.661215 
    23     21 0.698154 
    23     24 0.649449 
    23     27 0.884676 
    23     28 0.698248 
    23     34 0.801810 
    23     36 0.785657 
    23     37 0.740145 
    23     39 0.705769 
    23     40 0.602048 
    23     41 0.739958 
    23     42 0.627635 
    23     45 0.621958 
    23     64 0.695607 
    23     67 0.762330 
    23     68 0.713352 
    23     70 0.614650 
    23     72 0.650288 
    23    237 0.627261 
    23    255 0.609899 
    24     19 0.621100 
    24     20 0.672280 
    24     21 0.625246 
    24     23 0.649449 
    24     27 0.611507 
    24     36 0.750185 
    24     39 0.628654 
    24     40 0.635693 
    24     41 0.681155 
    24     42 0.653993 
    24     45 0.621893 
    24     67 0.639794 
    25     30 0.591682 
    26     20 0.650960 
    26     21 0.655194 
    26     27 0.612599 
    26     36 0.756089 
    26     41 0.682603 
    26     42 0.628283 
    26     45 0.622728 
    26     64 0.597801 
    26     67 0.666324 
    26     72 0.676727 
    26    255 0.621223 
    27     15 0.607242 
    27     18 0.614429 
    27     19 0.661119 
    27     20 0.694385 
    27     21 0.782574 
    27     23 0.884676 
    27     24 0.611507 
    27     26 0.612599 
    27     28 0.682281 
    27     34 0.684541 
    27     36 0.782034 
    27     37 0.850949 
    27     39 0.687955 
    27     41 0.714430 
    27     64 0.688035 
    27     67 0.714019 
    27     68 0.679484 
    27     72 0.648084 
    27    237 0.597972 
    27    255 0.622529 
    28     23 0.698248 
    28     27 0.682281 
    28     34 0.713923 
    28     36 0.642086 
    28     39 0.611025 
    28     41 0.630202 
    28     67 0.631943 
    29     41 0.604884 
    30     15 0.619638 
    30     22 0.646412 
    30     25 0.591682 
    30     32 0.674572 
    31     17 0.529436 
    31     35 0.552647 
    32     22 0.603624 
    32     30 0.674572 
    33    255 0.683569 
    34     19 0.640269 
    34     21 0.599605 
    34     23 0.801810 
    34     27 0.684541 
    34     28 0.713923 
    34     36 0.709639 
    34     37 0.603995 
    34     39 0.631924 
    34     41 0.674708 
    34     64 0.608414 
    34     67 0.681652 
    35     31 0.552647 
    36     17 0.659454 
    36     18 0.676901 
    36     19 0.718517 
    36     20 0.756578 
    36     21 0.765903 
    36     23 0.785657 
    36     24 0.750185 
    36     26 0.756089 
    36     27 0.782034 
    36     28 0.642086 
    36     34 0.709639 
    36     37 0.673387 
    36     39 0.756806 
    36     40 0.708852 
    36     41 0.861175 
    36     42 0.761644 
    36     44 0.720984 
    36     45 0.750226 
    36     46 0.650347 
    36     63 0.609519 
    36     64 0.675557 
    36     67 0.807049 
    36     68 0.640086 
    36     70 0.646557 
    36     71 0.616835 
    36     72 0.715611 
    36    149 0.599851 
    36    155 0.637101 
    36    159 0.606704 
    36    163 0.595037 
    36    167 0.613415 
    36    236 0.615050 
    36    237 0.669776 
    36    255 0.654675 
    37     15 0.617537 
    37     21 0.790762 
    37     23 0.740145 
    37     27 0.850949 
    37     34 0.603995 
    37     36 0.673387 
    37     39 0.659862 
    37     41 0.690491 
    37     63 0.597501 
    37     64 0.628360 
    37     67 0.597122 
    37     68 0.593781 
    38     15 0.602971 
    38     22 0.723930 
    39     17 0.701271 
    39     18 0.656995 
    39     19 0.679421 
    39     20 0.635810 
    39     21 0.727438 
    39     23 0.705769 
    39     24 0.628654 
    39     27 0.687955 
    39     28 0.611025 
    39     34 0.631924 
    39     36 0.756806 
    39     37 0.659862 
    39     40 0.823771 
    39     41 0.705197 
    39     42 0.648383 
    39     45 0.679282 
    39     63 0.644364 
    39     64 0.613914 
    39     67 0.717857 
    40     16 0.544745 
    40     17 0.703397 
    40     19 0.602671 
    40     21 0.682699 
    40     23 0.602048 
    40     24 0.635693 
    40     36 0.708852 
    40     39 0.823771 
    40     41 0.669922 
    40     42 0.638651 
    40     44 0.594843 
    40     45 0.637976 
    40     49 0.481542 
    40     63 0.633034 
    40     64 0.611436 
    40     67 0.668238 
    41     17 0.617523 
    41     19 0.633162 
    41     20 0.653881 
    41     21 0.718342 
    41     23 0.739958 
    41     24 0.681155 
    41     26 0.682603 
    41     27 0.714430 
    41     28 0.630202 
    41     29 0.604884 
    41     34 0.674708 
    41     36 0.861175 
    41     37 0.690491 
    41     39 0.705197 
    41     40 0.669922 
    41     42 0.720386 
    41     44 0.703458 
    41     45 0.729197 
    41     63 0.678792 
    41     64 0.682487 
    41     67 0.772227 
    41     68 0.648413 
    41     70 0.632661 
    41     72 0.668990 
    41    155 0.602722 
    41    159 0.618503 
    41    167 0.632671 
    41    236 0.648952 
    41    237 0.661289 
    41    255 0.619782 
    42     17 0.600800 
    42     20 0.672954 
    42     21 0.614062 
    42     23 0.627635 
    42     24 0.653993 
    42     26 0.628283 
    42     36 0.761644 
    42     39 0.648383 
    42     40 0.638651 
    42     41 0.720386 
    42     44 0.796210 
    42     45 0.793117 
    42     46 0.637381 
    42     63 0.624738 
    42     67 0.704590 
    42     72 0.638914 
    42    149 0.616633 
    42    155 0.593313 
    42    163 0.604846 
    42    167 0.599328 
    43     44 0.546531 
    43     55 0.409122 
    44     36 0.720984 
    44     40 0.594843 
    44     41 0.703458 
    44     42 0.796210 
    44     43 0.546531 
    44     45 0.805824 
    44     46 0.727651 
    44     63 0.614497 
    44     67 0.675364 
    44     71 0.594461 
    44     72 0.651074 
    45     19 0.626057 
    45     20 0.617191 
    45     21 0.612092 
    45     23 0.621958 
    45     24 0.621893 
    45     26 0.622728 
    45     36 0.750226 
    45     39 0.679282 
    45     40 0.637976 
    45     41 0.729197 
    45     42 0.793117 
    45     44 0.805824 
    45     46 0.679499 
    45     63 0.628991 
    45     64 0.600129 
    45     67 0.741161 
    45     70 0.619527 
    45     71 0.636441 
    45     72 0.630308 
    46     36 0.650347 
    46     42 0.637381 
    46     44 0.727651 
    46     45 0.679499 
    46     72 0.618725 
    47     15 0.689704 
    47     51 0.475039 
    47     53 0.502854 
    47     54 0.678032 
    47     68 0.596306 
    48     50 0.431738 
    48     59 0.521907 
    48     69 0.693372 
    49     40 0.481542 
    50     48 0.431738 
    51     47 0.475039 
    52     63 0.581111 
    53     47 0.502854 
    54     47 0.678032 
    54     60 0.573614 
    55     43 0.409122 
    56     58 0.706238 
    56     60 0.683749 
    57     58 0.501866 
    58     56 0.706238 
    58     57 0.501866 
    58     60 0.697265 
    58    208 0.624771 
    58    209 0.617103 
    59     13 0.593776 
    59     15 0.650887 
    59     48 0.521907 
    59     91 0.623008 
    59    136 0.593799 
    59    210 0.579705 
    59    213 0.688978 
    59    215 0.839825 
    59    216 0.765917 
    59    217 0.547984 
    59    220 0.489019 
    59    234 0.604348 
    60     54 0.573614 
    60     56 0.683749 
    60     58 0.697265 
    60    229 0.431179 
    61     63 0.542233 
    62     67 0.530954 
    62    239 0.621053 
    63     21 0.600118 
    63     36 0.609519 
    63     37 0.597501 
    63     39 0.644364 
    63     40 0.633034 
    63     41 0.678792 
    63     42 0.624738 
    63     44 0.614497 
    63     45 0.628991 
    63     52 0.581111 
    63     61 0.542233 
    63     64 0.604827 
    63     66 0.552119 
    63     67 0.709605 
    63    123 0.468238 
    63    237 0.608568 
    64     21 0.623115 
    64     23 0.695607 
    64     26 0.597801 
    64     27 0.688035 
    64     34 0.608414 
    64     36 0.675557 
    64     37 0.628360 
    64     39 0.613914 
    64     40 0.611436 
    64     41 0.682487 
    64     45 0.600129 
    64     63 0.604827 
    64     67 0.666837 
    64     68 0.688203 
    64     72 0.650441 
    64     73 0.718920 
    64    236 0.633137 
    64    237 0.600399 
    65    235 0.541321 
    66     63 0.552119 
    67     18 0.600323 
    67     19 0.646934 
    67     20 0.667197 
    67     21 0.667016 
    67     23 0.762330 
    67     24 0.639794 
    67     26 0.666324 
    67     27 0.714019 
    67     28 0.631943 
    67     34 0.681652 
    67     36 0.807049 
    67     37 0.597122 
    67     39 0.717857 
    67     40 0.668238 
    67     41 0.772227 
    67     42 0.704590 
    67     44 0.675364 
    67     45 0.741161 
    67     62 0.530954 
    67     63 0.709605 
    67     64 0.666837 
    67     68 0.728312 
    67     70 0.677133 
    67     71 0.609368 
    67     72 0.672527 
    67    149 0.607372 
    67    155 0.616474 
    67    237 0.701900 
    68     15 0.636040 
    68     23 0.713352 
    68     27 0.679484 
    68     36 0.640086 
    68     37 0.593781 
    68     41 0.648413 
    68     47 0.596306 
    68     64 0.688203 
    68     67 0.728312 
    68    237 0.624781 
    69     48 0.693372 
    70     23 0.614650 
    70     36 0.646557 
    70     41 0.632661 
    70     45 0.619527 
    70     67 0.677133 
    71     36 0.616835 
    71     44 0.594461 
    71     45 0.636441 
    71     67 0.609368 
    72     19 0.600195 
    72     20 0.646935 
    72     23 0.650288 
    72     26 0.676727 
    72     27 0.648084 
    72     36 0.715611 
    72     41 0.668990 
    72     42 0.638914 
    72     44 0.651074 
    72     45 0.630308 
    72     46 0.618725 
    72     64 0.650441 
    72     67 0.672527 
    72    155 0.607103 
    72    236 0.609959 
    72    255 0.661526 
    73     64 0.718920 
    74     86 0.492271 
    75      3 0.473253 
    75     78 0.612368 
    75    190 0.548774 
    76      5 0.620275 
    76    247 0.410453 
    77    215 0.461184 
    78     75 0.612368 
    79     86 0.433064 
    80     93 0.470255 
    81    204 0.394042 
    82     85 0.389883 
    83      5 0.548864 
    84      5 0.475850 
    85     82 0.389883 
    85    211 0.417975 
    86     74 0.492271 
    86     79 0.433064 
    86     87 0.677128 
    86    194 0.639946 
    86    195 0.631723 
    87     86 0.677128 
    87     94 0.623938 
    87    100 0.667703 
    87    133 0.668594 
    87    194 0.615828 
    87    195 0.606111 
    88     90 0.629745 
    88     92 0.595590 
    89     91 0.633680 
    89     92 0.827831 
    89     94 0.683093 
    89     96 0.665498 
    89     97 0.600860 
    89    108 0.561896 
    89    133 0.679320 
    89    134 0.702097 
    89    135 0.686935 
    90     88 0.629745 
    90     93 0.655770 
    90     95 0.728663 
    91     13 0.602839 
    91     59 0.623008 
    91     89 0.633680 
    91     92 0.647555 
    91     93 0.677271 
    91     94 0.764270 
    91     95 0.681233 
    91    133 0.709473 
    91    134 0.701727 
    91    135 0.606461 
    91    136 0.606807 
    91    224 0.629541 
    91    225 0.597780 
    91    234 0.692600 
    92     88 0.595590 
    92     89 0.827831 
    92     91 0.647555 
    92     94 0.668191 
    92     96 0.620117 
    92    133 0.654539 
    92    134 0.718448 
    92    135 0.670209 
    93     80 0.470255 
    93     90 0.655770 
    93     91 0.677271 
    93     95 0.734984 
    93    134 0.613998 
    93    135 0.597754 
    94     13 0.624987 
    94     87 0.623938 
    94     89 0.683093 
    94     91 0.764270 
    94     92 0.668191 
    94    112 0.595537 
    94    133 0.755233 
    94    134 0.736961 
    94    135 0.697873 
    94    136 0.658865 
    94    177 0.659347 
    94    190 0.646638 
    94    204 0.599664 
    94    218 0.620279 
    94    221 0.658889 
    94    234 0.666184 
    95     90 0.728663 
    95     91 0.681233 
    95     93 0.734984 
    96      9 0.601735 
    96     89 0.665498 
    96     92 0.620117 
    96    101 0.631925 
    96    112 0.604568 
    96    190 0.651303 
    96    204 0.706355 
    96    218 0.658122 
    97     89 0.600860 
    97    100 0.707825 
    97    101 0.642284 
    97    106 0.597916 
    97    112 0.596891 
    97    116 0.590694 
    97    121 0.614476 
    98     99 0.680315 
    99     98 0.680315 
    99    100 0.704092 
    99    104 0.609900 
    99    121 0.709513 
    99    138 0.547706 
    99    174 0.481529 
   100     87 0.667703 
   100     97 0.707825 
   100     99 0.704092 
   100    104 0.622759 
   100    112 0.594663 
   101     96 0.631925 
   101     97 0.642284 
   101    112 0.619190 
   101    196 0.572537 
   102    103 0.639382 
   102    121 0.587360 
   103    102 0.639382 
   104     99 0.609900 
   104    100 0.622759 
   105    106 0.589597 
   106     97 0.597916 
   106    105 0.589597 
   106    114 0.600702 
   106    115 0.567572 
   107    109 0.608473 
   107    111 0.533518 
   107    113 0.588732 
   108     89 0.561896 
   109    107 0.608473 
   109    110 0.599214 
   110    109 0.599214 
   111    107 0.533518 
   112     94 0.595537 
   112     96 0.604568 
   112     97 0.596891 
   112    100 0.594663 
   112    101 0.619190 
   112    133 0.649572 
   112    202 0.605547 
   113    107 0.588732 
   113    122 0.638958 
   114    106 0.600702 
   115    106 0.567572 
   116      5 0.613382 
   116     97 0.590694 
   117    236 0.542830 
   118    137 0.501659 
   118    174 0.525674 
   119     11 0.448790 
   119    139 0.573815 
   120    242 0.382587 
   121     97 0.614476 
   121     99 0.709513 
   121    102 0.587360 
   121    182 0.391503 
   122    113 0.638958 
   122    215 0.586069 
   123     63 0.468238 
   124    125 0.503880 
   124    143 0.484518 
   125      7 0.441375 
   125    124 0.503880 
   125    126 0.441179 
   126    125 0.441179 
   127    184 0.546420 
   128    236 0.405582 
   129    237 0.477060 
   130    204 0.543417 
   131    236 0.536474 
   132    139 0.490106 
   133     12 0.496441 
   133     87 0.668594 
   133     89 0.679320 
   133     91 0.709473 
   133     92 0.654539 
   133     94 0.755233 
   133    112 0.649572 
   133    134 0.723584 
   133    135 0.653516 
   133    175 0.696699 
   133    177 0.631026 
   133    190 0.640255 
   133    192 0.603816 
   133    195 0.658892 
   133    221 0.664976 
   134     89 0.702097 
   134     91 0.701727 
   134     92 0.718448 
   134     93 0.613998 
   134     94 0.736961 
   134    133 0.723584 
   134    135 0.756794 
   134    177 0.691115 
   134    221 0.693977 
   135     89 0.686935 
   135     91 0.606461 
   135     92 0.670209 
   135     93 0.597754 
   135     94 0.697873 
   135    133 0.653516 
   135    134 0.756794 
   135    136 0.596264 
   135    177 0.745513 
   135    190 0.644736 
   135    221 0.726248 
   136     13 0.723699 
   136     59 0.593799 
   136     91 0.606807 
   136     94 0.658865 
   136    135 0.596264 
   136    251 0.704161 
   137    118 0.501659 
   138     99 0.547706 
   139    119 0.573815 
   139    132 0.490106 
   139    186 0.529664 
   140    142 0.703905 
   140    145 0.745276 
   140    146 0.860029 
   140    148 0.690907 
   140    152 0.599235 
   140    158 0.631069 
   140    167 0.613321 
   140    170 0.795374 
   140    183 0.617775 
   140    185 0.599574 
   141      1 0.650841 
   141    165 0.695640 
   142      1 0.745113 
   142      2 0.636536 
   142    140 0.703905 
   142    145 0.627393 
   142    148 0.639960 
   142    170 0.622271 
   142    183 0.680491 
   143    124 0.484518 
   143    151 0.615180 
   143    152 0.593882 
   143    155 0.640076 
   143    156 0.612201 
   143    157 0.608342 
   143    159 0.648600 
   143    160 0.658877 
   143    162 0.602732 
   143    163 0.654554 
   143    167 0.649096 
   144    147 0.628224 
   144    154 0.642041 
   144    157 0.641916 
   144    168 0.602025 
   144    169 0.664512 
   144    173 0.594289 
   145    140 0.745276 
   145    142 0.627393 
   145    146 0.781650 
   145    148 0.796051 
   145    152 0.737065 
   145    157 0.598315 
   145    159 0.619115 
   145    160 0.700566 
   145    163 0.653376 
   145    167 0.734405 
   145    170 0.842161 
   145    183 0.664611 
   146    140 0.860029 
   146    145 0.781650 
   146    148 0.721798 
   146    152 0.692016 
   146    160 0.628883 
   146    167 0.652418 
   146    170 0.834864 
   147    144 0.628224 
   147    154 0.717637 
   147    157 0.725609 
   147    162 0.619967 
   147    163 0.614120 
   147    168 0.683068 
   147    169 0.728196 
   147    172 0.620258 
   147    173 0.640869 
   148    140 0.690907 
   148    142 0.639960 
   148    145 0.796051 
   148    146 0.721798 
   148    152 0.746663 
   148    160 0.734166 
   148    167 0.641809 
   148    170 0.769495 
   148    183 0.609953 
   148    262 0.522166 
   149      1 0.622011 
   149     20 0.606825 
   149     36 0.599851 
   149     42 0.616633 
   149     67 0.607372 
   149    151 0.724439 
   149    152 0.646140 
   149    154 0.735047 
   149    155 0.767005 
   149    156 0.717429 
   149    157 0.647734 
   149    159 0.687584 
   149    162 0.740478 
   149    163 0.778268 
   149    167 0.745227 
   149    168 0.731042 
   149    169 0.767017 
   149    171 0.550681 
   149    172 0.614735 
   149    173 0.664860 
   149    252 0.588823 
   149    257 0.563755 
   150    154 0.580535 
   151    143 0.615180 
   151    149 0.724439 
   151    154 0.650203 
   151    155 0.635627 
   151    162 0.598367 
   151    163 0.660244 
   151    167 0.641668 
   151    168 0.651318 
   151    172 0.600701 
   151    183 0.645530 
   152    140 0.599235 
   152    143 0.593882 
   152    145 0.737065 
   152    146 0.692016 
   152    148 0.746663 
   152    149 0.646140 
   152    159 0.673108 
   152    160 0.781555 
   152    163 0.674421 
   152    167 0.757866 
   152    170 0.734520 
   153    154 0.604369 
   153    168 0.613184 
   154      1 0.601022 
   154    144 0.642041 
   154    147 0.717637 
   154    149 0.735047 
   154    150 0.580535 
   154    151 0.650203 
   154    153 0.604369 
   154    155 0.668443 
   154    156 0.668850 
   154    157 0.720259 
   154    159 0.610272 
   154    161 0.555128 
   154    162 0.716823 
   154    163 0.690807 
   154    164 0.610705 
   154    165 0.642382 
   154    167 0.621722 
   154    168 0.795074 
   154    169 0.827102 
   154    172 0.716292 
   154    173 0.707170 
   155     36 0.637101 
   155     41 0.602722 
   155     42 0.593313 
   155     67 0.616474 
   155     72 0.607103 
   155    143 0.640076 
   155    149 0.767005 
   155    151 0.635627 
   155    154 0.668443 
   155    156 0.804144 
   155    157 0.642920 
   155    159 0.775036 
   155    162 0.767460 
   155    163 0.796110 
   155    166 0.671693 
   155    167 0.776088 
   155    168 0.622265 
   155    169 0.665010 
   155    173 0.594242 
   156    143 0.612201 
   156    149 0.717429 
   156    154 0.668850 
   156    155 0.804144 
   156    157 0.646874 
   156    159 0.745855 
   156    162 0.781127 
   156    163 0.750360 
   156    166 0.642243 
   156    167 0.721395 
   156    168 0.625401 
   156    169 0.708121 
   156    173 0.616288 
   157      1 0.632489 
   157    143 0.608342 
   157    144 0.641916 
   157    145 0.598315 
   157    147 0.725609 
   157    149 0.647734 
   157    154 0.720259 
   157    155 0.642920 
   157    156 0.646874 
   157    159 0.688108 
   157    162 0.729860 
   157    163 0.720184 
   157    166 0.660912 
   157    167 0.667364 
   157    168 0.686619 
   157    169 0.736491 
   157    172 0.617749 
   157    173 0.665391 
   158    140 0.631069 
   159     36 0.606704 
   159     41 0.618503 
   159    143 0.648600 
   159    145 0.619115 
   159    149 0.687584 
   159    152 0.673108 
   159    154 0.610272 
   159    155 0.775036 
   159    156 0.745855 
   159    157 0.688108 
   159    160 0.655709 
   159    162 0.744095 
   159    163 0.807635 
   159    166 0.757828 
   159    167 0.806336 
   159    168 0.599682 
   159    169 0.621172 
   159    170 0.599954 
   159    173 0.605163 
   159    236 0.626625 
   160    143 0.658877 
   160    145 0.700566 
   160    146 0.628883 
   160    148 0.734166 
   160    152 0.781555 
   160    159 0.655709 
   160    163 0.637901 
   160    167 0.664978 
   160    170 0.709745 
   160    183 0.597083 
   161    154 0.555128 
   162    143 0.602732 
   162    147 0.619967 
   162    149 0.740478 
   162    151 0.598367 
   162    154 0.716823 
   162    155 0.767460 
   162    156 0.781127 
   162    157 0.729860 
   162    159 0.744095 
   162    163 0.763586 
   162    166 0.661486 
   162    167 0.708178 
   162    168 0.681221 
   162    169 0.749685 
   162    172 0.610528 
   162    173 0.682839 
   163     36 0.595037 
   163     42 0.604846 
   163    143 0.654554 
   163    145 0.653376 
   163    147 0.614120 
   163    149 0.778268 
   163    151 0.660244 
   163    152 0.674421 
   163    154 0.690807 
   163    155 0.796110 
   163    156 0.750360 
   163    157 0.720184 
   163    159 0.807635 
   163    160 0.637901 
   163    162 0.763586 
   163    166 0.670279 
   163    167 0.862926 
   163    168 0.672059 
   163    169 0.689556 
   163    170 0.594971 
   163    173 0.647854 
   164    154 0.610705 
   165    141 0.695640 
   165    154 0.642382 
   165    168 0.625576 
   165    169 0.636099 
   165    172 0.652429 
   166    155 0.671693 
   166    156 0.642243 
   166    157 0.660912 
   166    159 0.757828 
   166    162 0.661486 
   166    163 0.670279 
   166    167 0.643911 
   167     36 0.613415 
   167     41 0.632671 
   167     42 0.599328 
   167    140 0.613321 
   167    143 0.649096 
   167    145 0.734405 
   167    146 0.652418 
   167    148 0.641809 
   167    149 0.745227 
   167    151 0.641668 
   167    152 0.757866 
   167    154 0.621722 
   167    155 0.776088 
   167    156 0.721395 
   167    157 0.667364 
   167    159 0.806336 
   167    160 0.664978 
   167    162 0.708178 
   167    163 0.862926 
   167    166 0.643911 
   167    168 0.621615 
   167    169 0.629553 
   167    170 0.747855 
   167    173 0.599175 
   167    236 0.611385 
   168      1 0.637962 
   168    144 0.602025 
   168    147 0.683068 
   168    149 0.731042 
   168    151 0.651318 
   168    153 0.613184 
   168    154 0.795074 
   168    155 0.622265 
   168    156 0.625401 
   168    157 0.686619 
   168    159 0.599682 
   168    162 0.681221 
   168    163 0.672059 
   168    165 0.625576 
   168    167 0.621615 
   168    169 0.777290 
   168    172 0.694770 
   168    173 0.694596 
   169      1 0.618353 
   169    144 0.664512 
   169    147 0.728196 
   169    149 0.767017 
   169    154 0.827102 
   169    155 0.665010 
   169    156 0.708121 
   169    157 0.736491 
   169    159 0.621172 
   169    162 0.749685 
   169    163 0.689556 
   169    165 0.636099 
   169    167 0.629553 
   169    168 0.777290 
   169    172 0.682676 
   169    173 0.765211 
   170    140 0.795374 
   170    142 0.622271 
   170    145 0.842161 
   170    146 0.834864 
   170    148 0.769495 
   170    152 0.734520 
   170    159 0.599954 
   170    160 0.709745 
   170    163 0.594971 
   170    167 0.747855 
   170    183 0.600424 
   171    149 0.550681 
   172    147 0.620258 
   172    149 0.614735 
   172    151 0.600701 
   172    154 0.716292 
   172    157 0.617749 
   172    162 0.610528 
   172    165 0.652429 
   172    168 0.694770 
   172    169 0.682676 
   172    173 0.613510 
   173    144 0.594289 
   173    147 0.640869 
   173    149 0.664860 
   173    154 0.707170 
   173    155 0.594242 
   173    156 0.616288 
   173    157 0.665391 
   173    159 0.605163 
   173    162 0.682839 
   173    163 0.647854 
   173    167 0.599175 
   173    168 0.694596 
   173    169 0.765211 
   173    172 0.613510 
   174     99 0.481529 
   174    118 0.525674 
   175    133 0.696699 
   175    177 0.613764 
   175    184 0.544592 
   175    190 0.682137 
   175    192 0.668450 
   175    194 0.702908 
   175    195 0.656494 
   175    200 0.714116 
   175    202 0.593964 
   176      4 0.295810 
   176    186 0.590354 
   177     94 0.659347 
   177    133 0.631026 
   177    134 0.691115 
   177    135 0.745513 
   177    175 0.613764 
   177    190 0.682133 
   177    195 0.618157 
   177    221 0.663138 
   178    201 0.410974 
   179    256 0.634626 
   180    195 0.369439 
   181    190 0.479284 
   182    121 0.391503 
   183    140 0.617775 
   183    142 0.680491 
   183    145 0.664611 
   183    148 0.609953 
   183    151 0.645530 
   183    160 0.597083 
   183    170 0.600424 
   183    185 0.606872 
   183    243 0.647850 
   183    245 0.640882 
   184    127 0.546420 
   184    175 0.544592 
   185    140 0.599574 
   185    183 0.606872 
   186    139 0.529664 
   186    176 0.590354 
   186    205 0.462657 
   186    251 0.631731 
   186    258 0.604264 
   186    263 0.595253 
   187    259 0.532656 
   188    200 0.605834 
   188    201 0.544805 
   188    202 0.622173 
   189    190 0.454129 
   190     75 0.548774 
   190     94 0.646638 
   190     96 0.651303 
   190    133 0.640255 
   190    135 0.644736 
   190    175 0.682137 
   190    177 0.682133 
   190    181 0.479284 
   190    189 0.454129 
   190    192 0.749110 
   190    202 0.620044 
   190    204 0.674009 
   190    211 0.438148 
   190    256 0.604545 
   191    256 0.659669 
   191    258 0.692838 
   191    259 0.666798 
   191    260 0.538200 
   192    133 0.603816 
   192    175 0.668450 
   192    190 0.749110 
   192    194 0.662005 
   192    195 0.691560 
   192    199 0.661554 
   193    194 0.600049 
   194     86 0.639946 
   194     87 0.615828 
   194    175 0.702908 
   194    192 0.662005 
   194    193 0.600049 
   194    195 0.692584 
   195     86 0.631723 
   195     87 0.606111 
   195    133 0.658892 
   195    175 0.656494 
   195    177 0.618157 
   195    180 0.369439 
   195    192 0.691560 
   195    194 0.692584 
   195    202 0.627886 
   196    101 0.572537 
   197    215 0.547566 
   197    223 0.545100 
   198    242 0.489196 
   198    262 0.557665 
   199    192 0.661554 
   200    175 0.714116 
   200    188 0.605834 
   201    178 0.410974 
   201    188 0.544805 
   201    261 0.416683 
   202    112 0.605547 
   202    175 0.593964 
   202    188 0.622173 
   202    190 0.620044 
   202    195 0.627886 
   202    213 0.623016 
   203     15 0.598092 
   203     22 0.630433 
   204     81 0.394042 
   204     94 0.599664 
   204     96 0.706355 
   204    130 0.543417 
   204    190 0.674009 
   204    206 0.475510 
   204    207 0.376285 
   204    218 0.702568 
   205    186 0.462657 
   206    204 0.475510 
   207    204 0.376285 
   208     58 0.624771 
   208    209 0.602520 
   209     58 0.617103 
   209    208 0.602520 
   210     59 0.579705 
   211     85 0.417975 
   211    190 0.438148 
   212    215 0.576548 
   213     59 0.688978 
   213    202 0.623016 
   213    215 0.691375 
   213    216 0.688077 
   214    216 0.593345 
   215     59 0.839825 
   215     77 0.461184 
   215    122 0.586069 
   215    197 0.547566 
   215    212 0.576548 
   215    213 0.691375 
   215    216 0.757251 
   215    221 0.621596 
   215    234 0.641793 
   216     59 0.765917 
   216    213 0.688077 
   216    214 0.593345 
   216    215 0.757251 
   217     59 0.547984 
   218     94 0.620279 
   218     96 0.658122 
   218    204 0.702568 
   218    219 0.597748 
   219    218 0.597748 
   220     59 0.489019 
   221     94 0.658889 
   221    133 0.664976 
   221    134 0.693977 
   221    135 0.726248 
   221    177 0.663138 
   221    215 0.621596 
   222    225 0.546076 
   222    226 0.631267 
   223    197 0.545100 
   224     91 0.629541 
   224    225 0.738803 
   224    234 0.655255 
   225     91 0.597780 
   225    222 0.546076 
   225    224 0.738803 
   225    234 0.676774 
   226    222 0.631267 
   227    230 0.515448 
   228    230 0.526426 
   228    233 0.610556 
   228    234 0.635044 
   229     60 0.431179 
   229    232 0.437272 
   230    227 0.515448 
   230    228 0.526426 
   231    232 0.442034 
   232    229 0.437272 
   232    231 0.442034 
   233    228 0.610556 
   233    234 0.598354 
   234     59 0.604348 
   234     91 0.692600 
   234     94 0.666184 
   234    215 0.641793 
   234    224 0.655255 
   234    225 0.676774 
   234    228 0.635044 
   234    233 0.598354 
   235     65 0.541321 
   235    237 0.533109 
   236     36 0.615050 
   236     41 0.648952 
   236     64 0.633137 
   236     72 0.609959 
   236    117 0.542830 
   236    128 0.405582 
   236    131 0.536474 
   236    159 0.626625 
   236    167 0.611385 
   236    237 0.632048 
   236    253 0.467437 
   237     23 0.627261 
   237     27 0.597972 
   237     36 0.669776 
   237     41 0.661289 
   237     63 0.608568 
   237     64 0.600399 
   237     67 0.701900 
   237     68 0.624781 
   237    129 0.477060 
   237    235 0.533109 
   237    236 0.632048 
   237    238 0.617759 
   237    240 0.590830 
   238    237 0.617759 
   239     62 0.621053 
   239    241 0.470914 
   240    237 0.590830 
   241    239 0.470914 
   242    120 0.382587 
   242    198 0.489196 
   243    183 0.647850 
   243    245 0.613410 
   243    246 0.572334 
   244    245 0.514774 
   245    183 0.640882 
   245    243 0.613410 
   245    244 0.514774 
   245    254 0.537063 
   246    243 0.572334 
   247     10 0.312346 
   247     76 0.410453 
   247    248 0.608093 
   248    247 0.608093 
   248    250 0.348044 
   249      7 0.291993 
   250    248 0.348044 
   251     13 0.696440 
   251     22 0.609194 
   251    136 0.704161 
   251    186 0.631731 
   251    256 0.659593 
   251    258 0.617941 
   251    263 0.755942 
   252    149 0.588823 
   253    236 0.467437 
   254    245 0.537063 
   255     23 0.609899 
   255     26 0.621223 
   255     27 0.622529 
   255     33 0.683569 
   255     36 0.654675 
   255     41 0.619782 
   255     72 0.661526 
   256    179 0.634626 
   256    190 0.604545 
   256    191 0.659669 
   256    251 0.659593 
   257    149 0.563755 
   258    186 0.604264 
   258    191 0.692838 
   258    251 0.617941 
   258    264 0.552726 
   259    187 0.532656 
   259    191 0.666798 
   260    191 0.538200 
   261    201 0.416683 
   262    148 0.522166 
   262    198 0.557665 
   263     13 0.608213 
   263     22 0.623082 
   263    186 0.595253 
   263    251 0.755942 
   264    258 0.552726 
