*vertices    264 
     1 "     1" 
     2 "     2" 
     3 "     3" 
     4 "     4" 
     5 "     5" 
     6 "     6" 
     7 "     7" 
     8 "     8" 
     9 "     9" 
    10 "    10" 
    11 "    11" 
    12 "    12" 
    13 "    13" 
    14 "    14" 
    15 "    15" 
    16 "    16" 
    17 "    17" 
    18 "    18" 
    19 "    19" 
    20 "    20" 
    21 "    21" 
    22 "    22" 
    23 "    23" 
    24 "    24" 
    25 "    25" 
    26 "    26" 
    27 "    27" 
    28 "    28" 
    29 "    29" 
    30 "    30" 
    31 "    31" 
    32 "    32" 
    33 "    33" 
    34 "    34" 
    35 "    35" 
    36 "    36" 
    37 "    37" 
    38 "    38" 
    39 "    39" 
    40 "    40" 
    41 "    41" 
    42 "    42" 
    43 "    43" 
    44 "    44" 
    45 "    45" 
    46 "    46" 
    47 "    47" 
    48 "    48" 
    49 "    49" 
    50 "    50" 
    51 "    51" 
    52 "    52" 
    53 "    53" 
    54 "    54" 
    55 "    55" 
    56 "    56" 
    57 "    57" 
    58 "    58" 
    59 "    59" 
    60 "    60" 
    61 "    61" 
    62 "    62" 
    63 "    63" 
    64 "    64" 
    65 "    65" 
    66 "    66" 
    67 "    67" 
    68 "    68" 
    69 "    69" 
    70 "    70" 
    71 "    71" 
    72 "    72" 
    73 "    73" 
    74 "    74" 
    75 "    75" 
    76 "    76" 
    77 "    77" 
    78 "    78" 
    79 "    79" 
    80 "    80" 
    81 "    81" 
    82 "    82" 
    83 "    83" 
    84 "    84" 
    85 "    85" 
    86 "    86" 
    87 "    87" 
    88 "    88" 
    89 "    89" 
    90 "    90" 
    91 "    91" 
    92 "    92" 
    93 "    93" 
    94 "    94" 
    95 "    95" 
    96 "    96" 
    97 "    97" 
    98 "    98" 
    99 "    99" 
   100 "   100" 
   101 "   101" 
   102 "   102" 
   103 "   103" 
   104 "   104" 
   105 "   105" 
   106 "   106" 
   107 "   107" 
   108 "   108" 
   109 "   109" 
   110 "   110" 
   111 "   111" 
   112 "   112" 
   113 "   113" 
   114 "   114" 
   115 "   115" 
   116 "   116" 
   117 "   117" 
   118 "   118" 
   119 "   119" 
   120 "   120" 
   121 "   121" 
   122 "   122" 
   123 "   123" 
   124 "   124" 
   125 "   125" 
   126 "   126" 
   127 "   127" 
   128 "   128" 
   129 "   129" 
   130 "   130" 
   131 "   131" 
   132 "   132" 
   133 "   133" 
   134 "   134" 
   135 "   135" 
   136 "   136" 
   137 "   137" 
   138 "   138" 
   139 "   139" 
   140 "   140" 
   141 "   141" 
   142 "   142" 
   143 "   143" 
   144 "   144" 
   145 "   145" 
   146 "   146" 
   147 "   147" 
   148 "   148" 
   149 "   149" 
   150 "   150" 
   151 "   151" 
   152 "   152" 
   153 "   153" 
   154 "   154" 
   155 "   155" 
   156 "   156" 
   157 "   157" 
   158 "   158" 
   159 "   159" 
   160 "   160" 
   161 "   161" 
   162 "   162" 
   163 "   163" 
   164 "   164" 
   165 "   165" 
   166 "   166" 
   167 "   167" 
   168 "   168" 
   169 "   169" 
   170 "   170" 
   171 "   171" 
   172 "   172" 
   173 "   173" 
   174 "   174" 
   175 "   175" 
   176 "   176" 
   177 "   177" 
   178 "   178" 
   179 "   179" 
   180 "   180" 
   181 "   181" 
   182 "   182" 
   183 "   183" 
   184 "   184" 
   185 "   185" 
   186 "   186" 
   187 "   187" 
   188 "   188" 
   189 "   189" 
   190 "   190" 
   191 "   191" 
   192 "   192" 
   193 "   193" 
   194 "   194" 
   195 "   195" 
   196 "   196" 
   197 "   197" 
   198 "   198" 
   199 "   199" 
   200 "   200" 
   201 "   201" 
   202 "   202" 
   203 "   203" 
   204 "   204" 
   205 "   205" 
   206 "   206" 
   207 "   207" 
   208 "   208" 
   209 "   209" 
   210 "   210" 
   211 "   211" 
   212 "   212" 
   213 "   213" 
   214 "   214" 
   215 "   215" 
   216 "   216" 
   217 "   217" 
   218 "   218" 
   219 "   219" 
   220 "   220" 
   221 "   221" 
   222 "   222" 
   223 "   223" 
   224 "   224" 
   225 "   225" 
   226 "   226" 
   227 "   227" 
   228 "   228" 
   229 "   229" 
   230 "   230" 
   231 "   231" 
   232 "   232" 
   233 "   233" 
   234 "   234" 
   235 "   235" 
   236 "   236" 
   237 "   237" 
   238 "   238" 
   239 "   239" 
   240 "   240" 
   241 "   241" 
   242 "   242" 
   243 "   243" 
   244 "   244" 
   245 "   245" 
   246 "   246" 
   247 "   247" 
   248 "   248" 
   249 "   249" 
   250 "   250" 
   251 "   251" 
   252 "   252" 
   253 "   253" 
   254 "   254" 
   255 "   255" 
   256 "   256" 
   257 "   257" 
   258 "   258" 
   259 "   259" 
   260 "   260" 
   261 "   261" 
   262 "   262" 
   263 "   263" 
   264 "   264" 
*edges 
     1      2 0.271957 
     1    142 0.529605 
     1    167 0.568126 
     2      1 0.271957 
     3     12 0.416018 
     3     90 0.366646 
     4    253 0.188622 
     5     97 0.270174 
     6    222 0.425771 
     6    247 0.479042 
     7     77 0.462337 
     8     81 0.454754 
     8    248 0.502822 
     9    116 0.556495 
     9    119 0.538687 
     9    190 0.575746 
     9    193 0.530263 
     9    196 0.540280 
    10     11 0.386904 
    11     10 0.386904 
    11    190 0.516467 
    12      3 0.416018 
    13     18 0.600690 
    13     22 0.599295 
    13    136 0.764265 
    13    142 0.546271 
    13    192 0.545016 
    13    194 0.540514 
    13    251 0.536278 
    13    263 0.690849 
    14     29 0.376701 
    15     19 0.629525 
    15     24 0.607592 
    15     26 0.545905 
    15     27 0.581304 
    15     31 0.579130 
    15     36 0.692946 
    15     40 0.741609 
    15    203 0.536404 
    16     51 0.363056 
    16     55 0.448999 
    17     18 0.879585 
    17     19 0.703764 
    17     22 0.722408 
    17     23 0.570887 
    17     31 0.561749 
    17     32 0.597232 
    17     35 0.661743 
    17     39 0.713563 
    17     40 0.556686 
    17    203 0.565413 
    18     13 0.600690 
    18     17 0.879585 
    18     19 0.618022 
    18     22 0.836870 
    18     23 0.629760 
    18     32 0.610985 
    18     35 0.658261 
    18     38 0.563529 
    18     39 0.699428 
    18    136 0.534478 
    19     15 0.629525 
    19     17 0.703764 
    19     18 0.618022 
    19     22 0.600447 
    19     23 0.606628 
    19     24 0.619000 
    19     25 0.610660 
    19     28 0.614762 
    19     30 0.565536 
    19     31 0.682635 
    19     32 0.778375 
    19     34 0.673536 
    19     35 0.633996 
    19     36 0.691125 
    19     39 0.657602 
    19     40 0.708108 
    19    203 0.625233 
    19    252 0.552420 
    20     24 0.617204 
    20     25 0.544249 
    20     26 0.699062 
    20     27 0.637095 
    20     30 0.560284 
    20     33 0.668766 
    20     36 0.610830 
    20     42 0.598585 
    20     43 0.599018 
    20     44 0.662403 
    20     45 0.684097 
    20     46 0.549952 
    20     70 0.554406 
    20     71 0.592863 
    20     72 0.620999 
    21     37 0.494052 
    22     13 0.599295 
    22     17 0.722408 
    22     18 0.836870 
    22     19 0.600447 
    22     23 0.628171 
    22     31 0.550568 
    22     32 0.687305 
    22     38 0.579973 
    22     39 0.692367 
    22    136 0.632343 
    22    255 0.426294 
    23     17 0.570887 
    23     18 0.629760 
    23     19 0.606628 
    23     22 0.628171 
    23     27 0.621189 
    23     32 0.618961 
    23     33 0.560757 
    23     35 0.685492 
    23     36 0.542428 
    23     39 0.528973 
    24     15 0.607592 
    24     19 0.619000 
    24     20 0.617204 
    24     25 0.534136 
    24     26 0.525391 
    24     27 0.633919 
    24     31 0.566641 
    24     36 0.770012 
    24     40 0.610723 
    24     42 0.601658 
    24     43 0.542317 
    24     44 0.702233 
    24     45 0.613024 
    24     46 0.591892 
    24     70 0.546426 
    24     71 0.571761 
    25     19 0.610660 
    25     20 0.544249 
    25     24 0.534136 
    25     30 0.686966 
    25     31 0.615547 
    25     32 0.671467 
    25     36 0.639961 
    25     40 0.584162 
    25    147 0.551229 
    25    157 0.565573 
    25    246 0.423662 
    26     15 0.545905 
    26     20 0.699062 
    26     24 0.525391 
    26     27 0.581172 
    26     33 0.590575 
    26     36 0.603175 
    26     43 0.532356 
    26     44 0.566141 
    26     45 0.565611 
    26     67 0.570191 
    27     15 0.581304 
    27     20 0.637095 
    27     23 0.621189 
    27     24 0.633919 
    27     26 0.581172 
    27     31 0.565333 
    27     33 0.595827 
    27     36 0.658201 
    27     42 0.554575 
    27     44 0.619296 
    27     45 0.629075 
    28     19 0.614762 
    28     31 0.570725 
    28     34 0.562567 
    28     40 0.591821 
    29     14 0.376701 
    29     41 0.454672 
    30     19 0.565536 
    30     20 0.560284 
    30     25 0.686966 
    30     31 0.618377 
    30     32 0.608716 
    30     33 0.531202 
    30     36 0.585981 
    31     15 0.579130 
    31     17 0.561749 
    31     19 0.682635 
    31     22 0.550568 
    31     24 0.566641 
    31     25 0.615547 
    31     27 0.565333 
    31     28 0.570725 
    31     30 0.618377 
    31     32 0.578798 
    31     34 0.538539 
    31     36 0.690192 
    31     39 0.535911 
    31     40 0.674406 
    31     49 0.327519 
    31    203 0.539544 
    32     17 0.597232 
    32     18 0.610985 
    32     19 0.778375 
    32     22 0.687305 
    32     23 0.618961 
    32     25 0.671467 
    32     30 0.608716 
    32     31 0.578798 
    32     34 0.553211 
    32     36 0.550460 
    32     39 0.584167 
    32     40 0.593952 
    32    154 0.542237 
    32    203 0.597660 
    32    258 0.412588 
    33     20 0.668766 
    33     23 0.560757 
    33     26 0.590575 
    33     27 0.595827 
    33     30 0.531202 
    33     36 0.607087 
    33    259 0.501556 
    34     19 0.673536 
    34     28 0.562567 
    34     31 0.538539 
    34     32 0.553211 
    34     36 0.599247 
    34     40 0.550707 
    35     17 0.661743 
    35     18 0.658261 
    35     19 0.633996 
    35     23 0.685492 
    35     36 0.553932 
    35     37 0.498286 
    36     15 0.692946 
    36     19 0.691125 
    36     20 0.610830 
    36     23 0.542428 
    36     24 0.770012 
    36     25 0.639961 
    36     26 0.603175 
    36     27 0.658201 
    36     30 0.585981 
    36     31 0.690192 
    36     32 0.550460 
    36     33 0.607087 
    36     34 0.599247 
    36     35 0.553932 
    36     40 0.680654 
    36     41 0.576061 
    36     42 0.550517 
    36     43 0.588899 
    36     44 0.643820 
    36     45 0.594052 
    36     46 0.617544 
    36     70 0.590131 
    36     71 0.636123 
    36    160 0.565255 
    36    252 0.555726 
    37     21 0.494052 
    37     35 0.498286 
    37    178 0.302892 
    38     18 0.563529 
    38     22 0.579973 
    39     17 0.713563 
    39     18 0.699428 
    39     19 0.657602 
    39     22 0.692367 
    39     23 0.528973 
    39     31 0.535911 
    39     32 0.584167 
    39     40 0.557831 
    40     15 0.741609 
    40     17 0.556686 
    40     19 0.708108 
    40     24 0.610723 
    40     25 0.584162 
    40     28 0.591821 
    40     31 0.674406 
    40     32 0.593952 
    40     34 0.550707 
    40     36 0.680654 
    40     39 0.557831 
    40    203 0.623857 
    40    252 0.548942 
    41     29 0.454672 
    41     36 0.576061 
    42     20 0.598585 
    42     24 0.601658 
    42     27 0.554575 
    42     36 0.550517 
    42     44 0.732093 
    42     45 0.727003 
    42     46 0.558414 
    42     70 0.584257 
    42     71 0.631122 
    43     20 0.599018 
    43     24 0.542317 
    43     26 0.532356 
    43     36 0.588899 
    43     44 0.555088 
    43     45 0.619273 
    43     46 0.570405 
    43     64 0.557910 
    43     67 0.566129 
    43     70 0.682928 
    43     71 0.647579 
    43     72 0.563979 
    44     20 0.662403 
    44     24 0.702233 
    44     26 0.566141 
    44     27 0.619296 
    44     36 0.643820 
    44     42 0.732093 
    44     43 0.555088 
    44     45 0.765499 
    44     46 0.630570 
    44     70 0.588444 
    44     71 0.696725 
    45     20 0.684097 
    45     24 0.613024 
    45     26 0.565611 
    45     27 0.629075 
    45     36 0.594052 
    45     42 0.727003 
    45     43 0.619273 
    45     44 0.765499 
    45     46 0.648686 
    45     67 0.567703 
    45     69 0.470138 
    45     70 0.704285 
    45     71 0.719110 
    46     20 0.549952 
    46     24 0.591892 
    46     36 0.617544 
    46     42 0.558414 
    46     43 0.570405 
    46     44 0.630570 
    46     45 0.648686 
    46     70 0.606337 
    46     71 0.689667 
    47     50 0.523470 
    47     54 0.577624 
    47     58 0.540214 
    47    138 0.473227 
    47    243 0.426085 
    48    255 0.681039 
    49     31 0.327519 
    50     47 0.523470 
    50     53 0.401428 
    51     16 0.363056 
    52     60 0.363658 
    53     50 0.401428 
    54     47 0.577624 
    55     16 0.448999 
    55     57 0.563347 
    56     58 0.591174 
    56     60 0.482940 
    57     55 0.563347 
    57     58 0.549414 
    58     47 0.540214 
    58     56 0.591174 
    58     57 0.549414 
    58    208 0.528706 
    59    212 0.499052 
    59    213 0.617707 
    59    215 0.581443 
    59    216 0.577240 
    59    217 0.539774 
    60     52 0.363658 
    60     56 0.482940 
    61     67 0.357132 
    62    238 0.547950 
    63     64 0.542028 
    63     65 0.681081 
    63     66 0.599623 
    63     67 0.534855 
    64     43 0.557910 
    64     63 0.542028 
    64     66 0.548794 
    64     67 0.531951 
    64     73 0.412558 
    65     63 0.681081 
    65     66 0.531436 
    66     63 0.599623 
    66     64 0.548794 
    66     65 0.531436 
    66    237 0.541551 
    67     26 0.570191 
    67     43 0.566129 
    67     45 0.567703 
    67     61 0.357132 
    67     63 0.534855 
    67     64 0.531951 
    67     70 0.573348 
    67     71 0.566462 
    67     72 0.542401 
    68    237 0.349499 
    69     45 0.470138 
    70     20 0.554406 
    70     24 0.546426 
    70     36 0.590131 
    70     42 0.584257 
    70     43 0.682928 
    70     44 0.588444 
    70     45 0.704285 
    70     46 0.606337 
    70     67 0.573348 
    70     71 0.688067 
    71     20 0.592863 
    71     24 0.571761 
    71     36 0.636123 
    71     42 0.631122 
    71     43 0.647579 
    71     44 0.696725 
    71     45 0.719110 
    71     46 0.689667 
    71     67 0.566462 
    71     70 0.688067 
    71    160 0.526915 
    72     20 0.620999 
    72     43 0.563979 
    72     67 0.542401 
    73     64 0.412558 
    74    124 0.515322 
    74    260 0.400977 
    75     97 0.548878 
    75    106 0.531315 
    75    193 0.534819 
    75    218 0.693516 
    76    215 0.656537 
    77      7 0.462337 
    77     90 0.569000 
    77    134 0.639373 
    77    215 0.530421 
    78    253 0.372354 
    79     86 0.603602 
    79     88 0.584274 
    80    125 0.466891 
    81      8 0.454754 
    81    129 0.375974 
    82    128 0.512376 
    83     84 0.631104 
    83     98 0.575075 
    83    116 0.610830 
    83    119 0.639942 
    83    128 0.446368 
    83    177 0.701141 
    83    190 0.560814 
    83    192 0.545936 
    83    195 0.684540 
    83    196 0.541264 
    83    197 0.542518 
    83    204 0.554492 
    84     83 0.631104 
    84    239 0.576625 
    85    207 0.406475 
    85    211 0.448320 
    86     79 0.603602 
    86     87 0.596110 
    86     90 0.609522 
    86     91 0.528297 
    86     98 0.565119 
    86     99 0.633099 
    86    177 0.563382 
    86    187 0.601228 
    86    192 0.674866 
    86    193 0.548476 
    86    195 0.701513 
    87     86 0.596110 
    87     90 0.636107 
    88     79 0.584274 
    88     90 0.649834 
    88     91 0.607178 
    88     92 0.571894 
    88     95 0.580671 
    88    109 0.531757 
    88    130 0.583177 
    89     91 0.561014 
    89     92 0.747666 
    89     93 0.577078 
    89     95 0.665569 
    89     96 0.646992 
    89     97 0.600970 
    89    101 0.578123 
    89    130 0.727532 
    89    134 0.719435 
    89    135 0.718835 
    89    136 0.639653 
    89    163 0.692426 
    89    190 0.526742 
    89    192 0.754776 
    89    193 0.666936 
    89    195 0.583245 
    89    196 0.674085 
    89    199 0.599633 
    89    204 0.620842 
    89    218 0.561487 
    90      3 0.366646 
    90     77 0.569000 
    90     86 0.609522 
    90     87 0.636107 
    90     88 0.649834 
    90     91 0.609398 
    90     93 0.536520 
    90     95 0.663904 
    91     86 0.528297 
    91     88 0.607178 
    91     89 0.561014 
    91     90 0.609398 
    91     92 0.533776 
    91     95 0.590105 
    91    133 0.523542 
    91    134 0.531236 
    91    192 0.612800 
    91    195 0.570006 
    92     88 0.571894 
    92     89 0.747666 
    92     91 0.533776 
    92     93 0.532533 
    92     95 0.618278 
    92     96 0.547917 
    92     97 0.637087 
    92    101 0.546772 
    92    130 0.774502 
    92    134 0.593951 
    92    136 0.652349 
    92    163 0.596541 
    92    192 0.571526 
    92    235 0.564856 
    93     89 0.577078 
    93     90 0.536520 
    93     92 0.532533 
    93     95 0.629448 
    93     96 0.533931 
    93    130 0.573311 
    93    135 0.611621 
    93    163 0.580337 
    94    133 0.583513 
    95     88 0.580671 
    95     89 0.665569 
    95     90 0.663904 
    95     91 0.590105 
    95     92 0.618278 
    95     93 0.629448 
    95     96 0.565172 
    95    130 0.599241 
    95    134 0.632534 
    95    135 0.577752 
    95    163 0.561392 
    95    192 0.559279 
    96     89 0.646992 
    96     92 0.547917 
    96     93 0.533931 
    96     95 0.565172 
    96     97 0.592799 
    96    130 0.696797 
    96    192 0.628163 
    97      5 0.270174 
    97     75 0.548878 
    97     89 0.600970 
    97     92 0.637087 
    97     96 0.592799 
    97    101 0.755843 
    97    106 0.570618 
    97    130 0.642303 
    97    136 0.527124 
    97    193 0.602062 
    98     83 0.575075 
    98     86 0.565119 
    98     99 0.742771 
    98    104 0.547882 
    98    107 0.569535 
    98    177 0.565309 
    98    185 0.590274 
    98    195 0.665300 
    98    197 0.614851 
    99     86 0.633099 
    99     98 0.742771 
    99    177 0.565286 
    99    185 0.595729 
    99    187 0.661368 
    99    192 0.574060 
    99    193 0.533896 
    99    195 0.681544 
    99    197 0.672464 
    99    201 0.619982 
    99    202 0.534678 
   100    195 0.568252 
   101     89 0.578123 
   101     92 0.546772 
   101     97 0.755843 
   101    105 0.583954 
   101    106 0.594054 
   101    130 0.543443 
   101    163 0.557988 
   101    183 0.575803 
   101    193 0.583925 
   101    204 0.617819 
   102    215 0.482556 
   103    104 0.715776 
   103    107 0.541729 
   103    177 0.545419 
   104     98 0.547882 
   104    103 0.715776 
   104    114 0.531950 
   104    177 0.654728 
   104    195 0.587240 
   104    197 0.625964 
   105    101 0.583954 
   105    106 0.531759 
   105    108 0.595015 
   106     75 0.531315 
   106     97 0.570618 
   106    101 0.594054 
   106    105 0.531759 
   107     98 0.569535 
   107    103 0.541729 
   107    108 0.595456 
   107    109 0.544968 
   107    110 0.523338 
   107    111 0.611474 
   107    215 0.563765 
   108    105 0.595015 
   108    107 0.595456 
   108    115 0.493496 
   109     88 0.531757 
   109    107 0.544968 
   109    111 0.560557 
   110    107 0.523338 
   111    107 0.611474 
   111    109 0.560557 
   111    113 0.567339 
   111    215 0.555971 
   112    119 0.531733 
   112    177 0.617089 
   112    186 0.587612 
   112    192 0.554787 
   112    193 0.591517 
   112    195 0.617817 
   112    196 0.611726 
   112    198 0.566000 
   112    202 0.616931 
   112    204 0.542766 
   113    111 0.567339 
   114    104 0.531950 
   115    108 0.493496 
   116      9 0.556495 
   116     83 0.610830 
   116    190 0.547421 
   116    195 0.540068 
   116    196 0.555164 
   117    131 0.606144 
   117    236 0.638728 
   118    236 0.531448 
   118    252 0.571553 
   119      9 0.538687 
   119     83 0.639942 
   119    112 0.531733 
   119    192 0.541678 
   119    204 0.603423 
   120    236 0.528673 
   121    196 0.490845 
   122    204 0.525623 
   123    130 0.401079 
   124     74 0.515322 
   124    125 0.622487 
   124    126 0.545651 
   125     80 0.466891 
   125    124 0.622487 
   125    203 0.540564 
   126    124 0.545651 
   127    184 0.380726 
   127    185 0.581632 
   128     82 0.512376 
   128     83 0.446368 
   129     81 0.375974 
   130     88 0.583177 
   130     89 0.727532 
   130     92 0.774502 
   130     93 0.573311 
   130     95 0.599241 
   130     96 0.696797 
   130     97 0.642303 
   130    101 0.543443 
   130    123 0.401079 
   130    136 0.593639 
   130    192 0.666789 
   130    193 0.565467 
   130    204 0.576853 
   130    235 0.550096 
   130    240 0.553350 
   131    117 0.606144 
   131    236 0.712187 
   132    139 0.360690 
   133     91 0.523542 
   133     94 0.583513 
   134     77 0.639373 
   134     89 0.719435 
   134     91 0.531236 
   134     92 0.593951 
   134     95 0.632534 
   134    135 0.739842 
   134    136 0.596853 
   134    159 0.607736 
   134    163 0.754286 
   134    192 0.544615 
   134    221 0.663878 
   135     89 0.718835 
   135     93 0.611621 
   135     95 0.577752 
   135    134 0.739842 
   135    136 0.574562 
   135    159 0.599514 
   135    163 0.717609 
   135    256 0.678795 
   136     13 0.764265 
   136     18 0.534478 
   136     22 0.632343 
   136     89 0.639653 
   136     92 0.652349 
   136     97 0.527124 
   136    130 0.593639 
   136    134 0.596853 
   136    135 0.574562 
   136    142 0.555281 
   136    163 0.557166 
   136    192 0.563277 
   136    193 0.535674 
   136    235 0.528319 
   136    240 0.545328 
   136    256 0.548878 
   137    182 0.451383 
   137    188 0.553755 
   137    242 0.516107 
   138     47 0.473227 
   139    132 0.360690 
   139    204 0.553753 
   139    207 0.574279 
   139    241 0.535017 
   139    242 0.501607 
   140    149 0.549420 
   140    151 0.594853 
   140    158 0.534551 
   140    167 0.579349 
   140    170 0.552039 
   141    142 0.587946 
   141    167 0.531155 
   141    180 0.385426 
   141    218 0.531330 
   142      1 0.529605 
   142     13 0.546271 
   142    136 0.555281 
   142    141 0.587946 
   142    151 0.579971 
   142    167 0.604727 
   143    166 0.526639 
   144    157 0.549496 
   145    146 0.608709 
   145    163 0.561000 
   145    167 0.716525 
   145    170 0.729725 
   146    145 0.608709 
   146    170 0.664154 
   147     25 0.551229 
   147    149 0.540038 
   147    150 0.595584 
   147    152 0.600730 
   147    154 0.565762 
   147    157 0.685395 
   147    160 0.549744 
   147    161 0.540240 
   147    162 0.534821 
   147    169 0.640065 
   148    150 0.617574 
   148    151 0.549068 
   148    152 0.647655 
   148    157 0.547421 
   148    160 0.623352 
   148    166 0.618554 
   148    172 0.548766 
   149    140 0.549420 
   149    147 0.540038 
   149    151 0.556475 
   149    162 0.726062 
   149    167 0.568272 
   149    169 0.552294 
   149    171 0.600090 
   150    147 0.595584 
   150    148 0.617574 
   150    151 0.572022 
   150    152 0.667775 
   150    153 0.603264 
   150    154 0.580081 
   150    157 0.614605 
   150    160 0.677085 
   150    161 0.684289 
   150    164 0.606467 
   150    166 0.546476 
   150    169 0.571677 
   150    172 0.713228 
   151    140 0.594853 
   151    142 0.579971 
   151    148 0.549068 
   151    149 0.556475 
   151    150 0.572022 
   151    152 0.602257 
   151    153 0.541322 
   151    154 0.540881 
   151    162 0.580166 
   151    167 0.535781 
   151    171 0.595151 
   151    172 0.625598 
   152    147 0.600730 
   152    148 0.647655 
   152    150 0.667775 
   152    151 0.602257 
   152    153 0.532396 
   152    157 0.528845 
   152    160 0.699144 
   152    166 0.550679 
   152    169 0.551388 
   152    252 0.551335 
   153    150 0.603264 
   153    151 0.541322 
   153    152 0.532396 
   153    154 0.633336 
   153    161 0.661519 
   153    162 0.546376 
   153    164 0.542643 
   153    169 0.610775 
   153    172 0.621286 
   154     32 0.542237 
   154    147 0.565762 
   154    150 0.580081 
   154    151 0.540881 
   154    153 0.633336 
   154    160 0.551584 
   154    161 0.603688 
   154    164 0.585953 
   154    169 0.672648 
   154    172 0.579079 
   154    252 0.527913 
   155    156 0.591361 
   155    167 0.539366 
   156    155 0.591361 
   156    167 0.525765 
   157     25 0.565573 
   157    144 0.549496 
   157    147 0.685395 
   157    148 0.547421 
   157    150 0.614605 
   157    152 0.528845 
   157    161 0.557733 
   157    162 0.650493 
   157    169 0.672434 
   157    173 0.547528 
   157    252 0.552095 
   158    140 0.534551 
   158    257 0.379555 
   159    134 0.607736 
   159    135 0.599514 
   159    163 0.615290 
   160     36 0.565255 
   160     71 0.526915 
   160    147 0.549744 
   160    148 0.623352 
   160    150 0.677085 
   160    152 0.699144 
   160    154 0.551584 
   160    166 0.604421 
   160    262 0.390977 
   161    147 0.540240 
   161    150 0.684289 
   161    153 0.661519 
   161    154 0.603688 
   161    157 0.557733 
   161    164 0.690641 
   161    169 0.622382 
   161    172 0.589186 
   161    173 0.558165 
   162    147 0.534821 
   162    149 0.726062 
   162    151 0.580166 
   162    153 0.546376 
   162    157 0.650493 
   162    165 0.534706 
   162    167 0.541971 
   162    169 0.580888 
   162    171 0.567767 
   163     89 0.692426 
   163     92 0.596541 
   163     93 0.580337 
   163     95 0.561392 
   163    101 0.557988 
   163    134 0.754286 
   163    135 0.717609 
   163    136 0.557166 
   163    145 0.561000 
   163    159 0.615290 
   163    204 0.579691 
   163    221 0.535315 
   164    150 0.606467 
   164    153 0.542643 
   164    154 0.585953 
   164    161 0.690641 
   164    168 0.560501 
   164    169 0.552313 
   164    172 0.568557 
   164    173 0.533437 
   164    254 0.418518 
   165    162 0.534706 
   165    185 0.540792 
   166    143 0.526639 
   166    148 0.618554 
   166    150 0.546476 
   166    152 0.550679 
   166    160 0.604421 
   167      1 0.568126 
   167    140 0.579349 
   167    141 0.531155 
   167    142 0.604727 
   167    145 0.716525 
   167    149 0.568272 
   167    151 0.535781 
   167    155 0.539366 
   167    156 0.525765 
   167    162 0.541971 
   167    170 0.653997 
   168    164 0.560501 
   168    172 0.577186 
   169    147 0.640065 
   169    149 0.552294 
   169    150 0.571677 
   169    152 0.551388 
   169    153 0.610775 
   169    154 0.672648 
   169    157 0.672434 
   169    161 0.622382 
   169    162 0.580888 
   169    164 0.552313 
   169    173 0.625470 
   169    252 0.550538 
   170    140 0.552039 
   170    145 0.729725 
   170    146 0.664154 
   170    167 0.653997 
   171    149 0.600090 
   171    151 0.595151 
   171    162 0.567767 
   172    148 0.548766 
   172    150 0.713228 
   172    151 0.625598 
   172    153 0.621286 
   172    154 0.579079 
   172    161 0.589186 
   172    164 0.568557 
   172    168 0.577186 
   173    157 0.547528 
   173    161 0.558165 
   173    164 0.533437 
   173    169 0.625470 
   174    187 0.548583 
   174    201 0.713224 
   174    202 0.606106 
   174    213 0.577767 
   174    261 0.547804 
   175    183 0.538853 
   175    186 0.631986 
   175    190 0.535715 
   175    193 0.586189 
   175    196 0.564622 
   175    204 0.526379 
   175    213 0.570172 
   175    218 0.673348 
   175    234 0.555984 
   175    241 0.527259 
   176    188 0.516162 
   177     83 0.701141 
   177     86 0.563382 
   177     98 0.565309 
   177     99 0.565286 
   177    103 0.545419 
   177    104 0.654728 
   177    112 0.617089 
   177    187 0.566700 
   177    190 0.641376 
   177    192 0.620957 
   177    195 0.827293 
   177    196 0.627171 
   177    197 0.599259 
   177    204 0.554575 
   177    207 0.535966 
   178     37 0.302892 
   179    186 0.474631 
   180    141 0.385426 
   181    189 0.426454 
   182    137 0.451383 
   183    101 0.575803 
   183    175 0.538853 
   183    193 0.553493 
   183    196 0.532593 
   183    204 0.613666 
   184    127 0.380726 
   185     98 0.590274 
   185     99 0.595729 
   185    127 0.581632 
   185    165 0.540792 
   185    193 0.532308 
   185    195 0.528380 
   185    197 0.579602 
   186    112 0.587612 
   186    175 0.631986 
   186    179 0.474631 
   186    189 0.538249 
   186    190 0.622503 
   186    192 0.548872 
   186    193 0.697004 
   186    194 0.532331 
   186    196 0.667690 
   186    199 0.606352 
   186    218 0.572302 
   187     86 0.601228 
   187     99 0.661368 
   187    174 0.548583 
   187    177 0.566700 
   187    195 0.604470 
   187    198 0.548539 
   187    201 0.563550 
   187    202 0.634499 
   188    137 0.553755 
   188    176 0.516162 
   188    206 0.443306 
   189    181 0.426454 
   189    186 0.538249 
   189    190 0.582447 
   189    193 0.564423 
   189    196 0.638496 
   189    199 0.538162 
   189    218 0.605887 
   190      9 0.575746 
   190     11 0.516467 
   190     83 0.560814 
   190     89 0.526742 
   190    116 0.547421 
   190    175 0.535715 
   190    177 0.641376 
   190    186 0.622503 
   190    189 0.582447 
   190    192 0.632984 
   190    193 0.608205 
   190    195 0.589113 
   190    196 0.727971 
   190    200 0.483126 
   190    204 0.781003 
   190    207 0.553029 
   190    218 0.574623 
   190    244 0.526516 
   191    199 0.617633 
   192     13 0.545016 
   192     83 0.545936 
   192     86 0.674866 
   192     89 0.754776 
   192     91 0.612800 
   192     92 0.571526 
   192     95 0.559279 
   192     96 0.628163 
   192     99 0.574060 
   192    112 0.554787 
   192    119 0.541678 
   192    130 0.666789 
   192    134 0.544615 
   192    136 0.563277 
   192    177 0.620957 
   192    186 0.548872 
   192    190 0.632984 
   192    193 0.801610 
   192    194 0.583500 
   192    195 0.782679 
   192    196 0.761773 
   192    199 0.723028 
   192    204 0.634368 
   192    218 0.699775 
   193      9 0.530263 
   193     75 0.534819 
   193     86 0.548476 
   193     89 0.666936 
   193     97 0.602062 
   193     99 0.533896 
   193    101 0.583925 
   193    112 0.591517 
   193    130 0.565467 
   193    136 0.535674 
   193    175 0.586189 
   193    183 0.553493 
   193    185 0.532308 
   193    186 0.697004 
   193    189 0.564423 
   193    190 0.608205 
   193    192 0.801610 
   193    194 0.663570 
   193    195 0.653786 
   193    196 0.804646 
   193    199 0.678794 
   193    204 0.607121 
   193    218 0.774815 
   194     13 0.540514 
   194    186 0.532331 
   194    192 0.583500 
   194    193 0.663570 
   194    196 0.576033 
   194    199 0.697239 
   194    218 0.557480 
   194    263 0.544060 
   194    264 0.533890 
   195     83 0.684540 
   195     86 0.701513 
   195     89 0.583245 
   195     91 0.570006 
   195     98 0.665300 
   195     99 0.681544 
   195    100 0.568252 
   195    104 0.587240 
   195    112 0.617817 
   195    116 0.540068 
   195    177 0.827293 
   195    185 0.528380 
   195    187 0.604470 
   195    190 0.589113 
   195    192 0.782679 
   195    193 0.653786 
   195    196 0.680135 
   195    197 0.654821 
   195    198 0.529873 
   195    199 0.589396 
   195    218 0.599519 
   195    244 0.576929 
   196      9 0.540280 
   196     83 0.541264 
   196     89 0.674085 
   196    112 0.611726 
   196    116 0.555164 
   196    121 0.490845 
   196    175 0.564622 
   196    177 0.627171 
   196    183 0.532593 
   196    186 0.667690 
   196    189 0.638496 
   196    190 0.727971 
   196    192 0.761773 
   196    193 0.804646 
   196    194 0.576033 
   196    195 0.680135 
   196    197 0.544879 
   196    199 0.676092 
   196    204 0.619894 
   196    218 0.706899 
   197     83 0.542518 
   197     98 0.614851 
   197     99 0.672464 
   197    104 0.625964 
   197    177 0.599259 
   197    185 0.579602 
   197    195 0.654821 
   197    196 0.544879 
   197    198 0.593142 
   197    202 0.528242 
   197    218 0.590666 
   197    244 0.583114 
   198    112 0.566000 
   198    187 0.548539 
   198    195 0.529873 
   198    197 0.593142 
   198    202 0.580700 
   199     89 0.599633 
   199    186 0.606352 
   199    189 0.538162 
   199    191 0.617633 
   199    192 0.723028 
   199    193 0.678794 
   199    194 0.697239 
   199    195 0.589396 
   199    196 0.676092 
   199    218 0.589039 
   199    264 0.590616 
   200    190 0.483126 
   201     99 0.619982 
   201    174 0.713224 
   201    187 0.563550 
   201    202 0.649800 
   201    213 0.639844 
   201    220 0.539503 
   202     99 0.534678 
   202    112 0.616931 
   202    174 0.606106 
   202    187 0.634499 
   202    197 0.528242 
   202    198 0.580700 
   202    201 0.649800 
   202    213 0.707637 
   203     15 0.536404 
   203     17 0.565413 
   203     19 0.625233 
   203     31 0.539544 
   203     32 0.597660 
   203     40 0.623857 
   203    125 0.540564 
   204     83 0.554492 
   204     89 0.620842 
   204    101 0.617819 
   204    112 0.542766 
   204    119 0.603423 
   204    122 0.525623 
   204    130 0.576853 
   204    139 0.553753 
   204    163 0.579691 
   204    175 0.526379 
   204    177 0.554575 
   204    183 0.613666 
   204    190 0.781003 
   204    192 0.634368 
   204    193 0.607121 
   204    196 0.619894 
   204    207 0.533836 
   204    218 0.527742 
   204    239 0.538988 
   205    264 0.514868 
   206    188 0.443306 
   207     85 0.406475 
   207    139 0.574279 
   207    177 0.535966 
   207    190 0.553029 
   207    204 0.533836 
   207    216 0.537028 
   208     58 0.528706 
   208    209 0.513712 
   208    217 0.483047 
   209    208 0.513712 
   210    217 0.426628 
   211     85 0.448320 
   212     59 0.499052 
   213     59 0.617707 
   213    174 0.577767 
   213    175 0.570172 
   213    201 0.639844 
   213    202 0.707637 
   213    216 0.553839 
   213    220 0.567961 
   213    234 0.550602 
   213    264 0.589213 
   214    244 0.471908 
   215     59 0.581443 
   215     76 0.656537 
   215     77 0.530421 
   215    102 0.482556 
   215    107 0.563765 
   215    111 0.555971 
   215    216 0.540268 
   215    221 0.554076 
   216     59 0.577240 
   216    207 0.537028 
   216    213 0.553839 
   216    215 0.540268 
   216    217 0.640472 
   216    219 0.530833 
   217     59 0.539774 
   217    208 0.483047 
   217    210 0.426628 
   217    216 0.640472 
   218     75 0.693516 
   218     89 0.561487 
   218    141 0.531330 
   218    175 0.673348 
   218    186 0.572302 
   218    189 0.605887 
   218    190 0.574623 
   218    192 0.699775 
   218    193 0.774815 
   218    194 0.557480 
   218    195 0.599519 
   218    196 0.706899 
   218    197 0.590666 
   218    199 0.589039 
   218    204 0.527742 
   219    216 0.530833 
   220    201 0.539503 
   220    213 0.567961 
   221    134 0.663878 
   221    163 0.535315 
   221    215 0.554076 
   222      6 0.425771 
   222    226 0.451180 
   223    234 0.575696 
   224    225 0.531934 
   225    224 0.531934 
   225    234 0.534801 
   226    222 0.451180 
   227    230 0.670322 
   227    231 0.540022 
   227    233 0.567516 
   228    233 0.663246 
   228    234 0.615052 
   229    231 0.575155 
   229    232 0.558702 
   230    227 0.670322 
   230    233 0.612021 
   231    227 0.540022 
   231    229 0.575155 
   231    232 0.560502 
   232    229 0.558702 
   232    231 0.560502 
   233    227 0.567516 
   233    228 0.663246 
   233    230 0.612021 
   233    234 0.537852 
   234    175 0.555984 
   234    213 0.550602 
   234    223 0.575696 
   234    225 0.534801 
   234    228 0.615052 
   234    233 0.537852 
   235     92 0.564856 
   235    130 0.550096 
   235    136 0.528319 
   235    239 0.663562 
   235    240 0.737303 
   236    117 0.638728 
   236    118 0.531448 
   236    120 0.528673 
   236    131 0.712187 
   237     66 0.541551 
   237     68 0.349499 
   237    250 0.341535 
   238     62 0.547950 
   238    252 0.528755 
   239     84 0.576625 
   239    204 0.538988 
   239    235 0.663562 
   239    240 0.575953 
   240    130 0.553350 
   240    136 0.545328 
   240    235 0.737303 
   240    239 0.575953 
   241    139 0.535017 
   241    175 0.527259 
   242    137 0.516107 
   242    139 0.501607 
   243     47 0.426085 
   243    245 0.529918 
   244    190 0.526516 
   244    195 0.576929 
   244    197 0.583114 
   244    214 0.471908 
   244    248 0.459474 
   245    243 0.529918 
   246     25 0.423662 
   247      6 0.479042 
   247    248 0.545826 
   248      8 0.502822 
   248    244 0.459474 
   248    247 0.545826 
   249    250 0.364957 
   250    237 0.341535 
   250    249 0.364957 
   251     13 0.536278 
   251    263 0.560586 
   252     19 0.552420 
   252     36 0.555726 
   252     40 0.548942 
   252    118 0.571553 
   252    152 0.551335 
   252    154 0.527913 
   252    157 0.552095 
   252    169 0.550538 
   252    238 0.528755 
   253      4 0.188622 
   253     78 0.372354 
   253    255 0.345040 
   254    164 0.418518 
   255     22 0.426294 
   255     48 0.681039 
   255    253 0.345040 
   256    135 0.678795 
   256    136 0.548878 
   257    158 0.379555 
   258     32 0.412588 
   259     33 0.501556 
   260     74 0.400977 
   261    174 0.547804 
   262    160 0.390977 
   263     13 0.690849 
   263    194 0.544060 
   263    251 0.560586 
   264    194 0.533890 
   264    199 0.590616 
   264    205 0.514868 
   264    213 0.589213 
