*vertices    264 
     1 "     1" 
     2 "     2" 
     3 "     3" 
     4 "     4" 
     5 "     5" 
     6 "     6" 
     7 "     7" 
     8 "     8" 
     9 "     9" 
    10 "    10" 
    11 "    11" 
    12 "    12" 
    13 "    13" 
    14 "    14" 
    15 "    15" 
    16 "    16" 
    17 "    17" 
    18 "    18" 
    19 "    19" 
    20 "    20" 
    21 "    21" 
    22 "    22" 
    23 "    23" 
    24 "    24" 
    25 "    25" 
    26 "    26" 
    27 "    27" 
    28 "    28" 
    29 "    29" 
    30 "    30" 
    31 "    31" 
    32 "    32" 
    33 "    33" 
    34 "    34" 
    35 "    35" 
    36 "    36" 
    37 "    37" 
    38 "    38" 
    39 "    39" 
    40 "    40" 
    41 "    41" 
    42 "    42" 
    43 "    43" 
    44 "    44" 
    45 "    45" 
    46 "    46" 
    47 "    47" 
    48 "    48" 
    49 "    49" 
    50 "    50" 
    51 "    51" 
    52 "    52" 
    53 "    53" 
    54 "    54" 
    55 "    55" 
    56 "    56" 
    57 "    57" 
    58 "    58" 
    59 "    59" 
    60 "    60" 
    61 "    61" 
    62 "    62" 
    63 "    63" 
    64 "    64" 
    65 "    65" 
    66 "    66" 
    67 "    67" 
    68 "    68" 
    69 "    69" 
    70 "    70" 
    71 "    71" 
    72 "    72" 
    73 "    73" 
    74 "    74" 
    75 "    75" 
    76 "    76" 
    77 "    77" 
    78 "    78" 
    79 "    79" 
    80 "    80" 
    81 "    81" 
    82 "    82" 
    83 "    83" 
    84 "    84" 
    85 "    85" 
    86 "    86" 
    87 "    87" 
    88 "    88" 
    89 "    89" 
    90 "    90" 
    91 "    91" 
    92 "    92" 
    93 "    93" 
    94 "    94" 
    95 "    95" 
    96 "    96" 
    97 "    97" 
    98 "    98" 
    99 "    99" 
   100 "   100" 
   101 "   101" 
   102 "   102" 
   103 "   103" 
   104 "   104" 
   105 "   105" 
   106 "   106" 
   107 "   107" 
   108 "   108" 
   109 "   109" 
   110 "   110" 
   111 "   111" 
   112 "   112" 
   113 "   113" 
   114 "   114" 
   115 "   115" 
   116 "   116" 
   117 "   117" 
   118 "   118" 
   119 "   119" 
   120 "   120" 
   121 "   121" 
   122 "   122" 
   123 "   123" 
   124 "   124" 
   125 "   125" 
   126 "   126" 
   127 "   127" 
   128 "   128" 
   129 "   129" 
   130 "   130" 
   131 "   131" 
   132 "   132" 
   133 "   133" 
   134 "   134" 
   135 "   135" 
   136 "   136" 
   137 "   137" 
   138 "   138" 
   139 "   139" 
   140 "   140" 
   141 "   141" 
   142 "   142" 
   143 "   143" 
   144 "   144" 
   145 "   145" 
   146 "   146" 
   147 "   147" 
   148 "   148" 
   149 "   149" 
   150 "   150" 
   151 "   151" 
   152 "   152" 
   153 "   153" 
   154 "   154" 
   155 "   155" 
   156 "   156" 
   157 "   157" 
   158 "   158" 
   159 "   159" 
   160 "   160" 
   161 "   161" 
   162 "   162" 
   163 "   163" 
   164 "   164" 
   165 "   165" 
   166 "   166" 
   167 "   167" 
   168 "   168" 
   169 "   169" 
   170 "   170" 
   171 "   171" 
   172 "   172" 
   173 "   173" 
   174 "   174" 
   175 "   175" 
   176 "   176" 
   177 "   177" 
   178 "   178" 
   179 "   179" 
   180 "   180" 
   181 "   181" 
   182 "   182" 
   183 "   183" 
   184 "   184" 
   185 "   185" 
   186 "   186" 
   187 "   187" 
   188 "   188" 
   189 "   189" 
   190 "   190" 
   191 "   191" 
   192 "   192" 
   193 "   193" 
   194 "   194" 
   195 "   195" 
   196 "   196" 
   197 "   197" 
   198 "   198" 
   199 "   199" 
   200 "   200" 
   201 "   201" 
   202 "   202" 
   203 "   203" 
   204 "   204" 
   205 "   205" 
   206 "   206" 
   207 "   207" 
   208 "   208" 
   209 "   209" 
   210 "   210" 
   211 "   211" 
   212 "   212" 
   213 "   213" 
   214 "   214" 
   215 "   215" 
   216 "   216" 
   217 "   217" 
   218 "   218" 
   219 "   219" 
   220 "   220" 
   221 "   221" 
   222 "   222" 
   223 "   223" 
   224 "   224" 
   225 "   225" 
   226 "   226" 
   227 "   227" 
   228 "   228" 
   229 "   229" 
   230 "   230" 
   231 "   231" 
   232 "   232" 
   233 "   233" 
   234 "   234" 
   235 "   235" 
   236 "   236" 
   237 "   237" 
   238 "   238" 
   239 "   239" 
   240 "   240" 
   241 "   241" 
   242 "   242" 
   243 "   243" 
   244 "   244" 
   245 "   245" 
   246 "   246" 
   247 "   247" 
   248 "   248" 
   249 "   249" 
   250 "   250" 
   251 "   251" 
   252 "   252" 
   253 "   253" 
   254 "   254" 
   255 "   255" 
   256 "   256" 
   257 "   257" 
   258 "   258" 
   259 "   259" 
   260 "   260" 
   261 "   261" 
   262 "   262" 
   263 "   263" 
   264 "   264" 
*edges 
     1      2 0.865391 
     1    141 0.827803 
     1    153 0.607978 
     1    161 0.612596 
     1    166 0.610600 
     1    168 0.658099 
     1    171 0.615879 
     1    172 0.658135 
     2      1 0.865391 
     2    141 0.853685 
     2    153 0.612382 
     2    161 0.610907 
     2    166 0.615452 
     2    168 0.617290 
     2    172 0.586655 
     2    253 0.584493 
     3      5 0.563377 
     3    180 0.594290 
     3    200 0.555026 
     4    253 0.619593 
     5      3 0.563377 
     6    123 0.343166 
     7    125 0.544337 
     8    126 0.621252 
     8    253 0.598478 
     9    116 0.515531 
    10    173 0.382638 
    11    139 0.342589 
    12    175 0.475902 
    13     15 0.643808 
    13    136 0.775604 
    13    261 0.619197 
    14    156 0.464638 
    15     13 0.643808 
    15     16 0.678921 
    15     17 0.641436 
    15     23 0.590192 
    15     34 0.616651 
    15     39 0.754794 
    15     40 0.733696 
    15     47 0.622920 
    15     62 0.631131 
    15     64 0.681810 
    15     65 0.653610 
    15    136 0.666994 
    16     15 0.678921 
    16     23 0.605665 
    16     34 0.635522 
    16     39 0.612855 
    16     40 0.611535 
    16     47 0.638652 
    16     51 0.658129 
    17     15 0.641436 
    17     18 0.682298 
    17     31 0.714721 
    17     34 0.620344 
    17     35 0.691248 
    17     38 0.667871 
    17     39 0.837270 
    17     40 0.777338 
    18     17 0.682298 
    18     19 0.613811 
    18     35 0.640942 
    18     39 0.619947 
    19     18 0.613811 
    19     23 0.786269 
    19     28 0.589038 
    19     30 0.586759 
    19     31 0.661856 
    19     32 0.680013 
    19     34 0.681381 
    19     35 0.642087 
    19     39 0.685140 
    19     61 0.598359 
    20     25 0.611282 
    20     26 0.672597 
    20     30 0.590387 
    20     69 0.605691 
    21     37 0.523228 
    22     30 0.744896 
    22     32 0.770919 
    22     38 0.709368 
    22     39 0.648882 
    22     53 0.586796 
    22    136 0.640969 
    22    263 0.621900 
    23     15 0.590192 
    23     16 0.605665 
    23     19 0.786269 
    23     24 0.666815 
    23     28 0.584720 
    23     30 0.677300 
    23     32 0.673625 
    23     34 0.789335 
    23     35 0.622273 
    23     39 0.646584 
    23     41 0.629920 
    23     47 0.659584 
    23     51 0.602255 
    24     23 0.666815 
    24     27 0.584833 
    24     34 0.609909 
    24     47 0.635563 
    25     20 0.611282 
    25     26 0.709298 
    25     30 0.738622 
    25     32 0.671043 
    25     36 0.598855 
    25     49 0.658036 
    26     20 0.672597 
    26     25 0.709298 
    26    255 0.639856 
    26    259 0.627107 
    27     24 0.584833 
    27     37 0.599151 
    28     19 0.589038 
    28     23 0.584720 
    28     32 0.617467 
    28     34 0.679151 
    28     39 0.602912 
    29     43 0.591808 
    30     19 0.586759 
    30     20 0.590387 
    30     22 0.744896 
    30     23 0.677300 
    30     25 0.738622 
    30     32 0.832421 
    30     34 0.584350 
    30     49 0.674118 
    31     17 0.714721 
    31     19 0.661856 
    31     35 0.665235 
    31     39 0.762162 
    31     40 0.727362 
    32     19 0.680013 
    32     22 0.770919 
    32     23 0.673625 
    32     25 0.671043 
    32     28 0.617467 
    32     30 0.832421 
    32     34 0.585100 
    32     38 0.630130 
    32     39 0.629478 
    32     67 0.614593 
    33    188 0.592661 
    33    191 0.590351 
    33    255 0.747317 
    33    259 0.710631 
    34     15 0.616651 
    34     16 0.635522 
    34     17 0.620344 
    34     19 0.681381 
    34     23 0.789335 
    34     24 0.609909 
    34     28 0.679151 
    34     30 0.584350 
    34     32 0.585100 
    34     39 0.687950 
    34     40 0.618711 
    34     41 0.588957 
    34     51 0.596329 
    34     64 0.620449 
    35     17 0.691248 
    35     18 0.640942 
    35     19 0.642087 
    35     23 0.622273 
    35     31 0.665235 
    35     38 0.608443 
    35     39 0.666206 
    36     25 0.598855 
    37     21 0.523228 
    37     27 0.599151 
    38     17 0.667871 
    38     22 0.709368 
    38     32 0.630130 
    38     35 0.608443 
    38     39 0.680616 
    39     15 0.754794 
    39     16 0.612855 
    39     17 0.837270 
    39     18 0.619947 
    39     19 0.685140 
    39     22 0.648882 
    39     23 0.646584 
    39     28 0.602912 
    39     31 0.762162 
    39     32 0.629478 
    39     34 0.687950 
    39     35 0.666206 
    39     38 0.680616 
    39     40 0.839056 
    39     64 0.589069 
    39    136 0.676148 
    40     15 0.733696 
    40     16 0.611535 
    40     17 0.777338 
    40     31 0.727362 
    40     34 0.618711 
    40     39 0.839056 
    40    136 0.595135 
    41     23 0.629920 
    41     34 0.588957 
    41     42 0.631793 
    41     44 0.614513 
    41     45 0.634329 
    42     41 0.631793 
    42     44 0.877678 
    42     45 0.764139 
    42     71 0.605081 
    43     29 0.591808 
    43     46 0.608205 
    43     67 0.628977 
    43     70 0.754896 
    43     71 0.690525 
    44     41 0.614513 
    44     42 0.877678 
    44     45 0.686730 
    44     70 0.618414 
    44     71 0.681769 
    45     41 0.634329 
    45     42 0.764139 
    45     44 0.686730 
    45     70 0.634460 
    45     71 0.678450 
    46     43 0.608205 
    46     70 0.586108 
    47     15 0.622920 
    47     16 0.638652 
    47     23 0.659584 
    47     24 0.635563 
    47    213 0.678957 
    48    252 0.656294 
    48    261 0.595888 
    49     25 0.658036 
    49     30 0.674118 
    49     53 0.618658 
    50     53 0.631116 
    51     16 0.658129 
    51     23 0.602255 
    51     34 0.596329 
    52     60 0.647064 
    53     22 0.586796 
    53     49 0.618658 
    53     50 0.631116 
    53    264 0.601381 
    54    216 0.649355 
    55     56 0.597481 
    55     58 0.588965 
    55     72 0.596033 
    56     55 0.597481 
    56     58 0.792496 
    56     60 0.587501 
    56     65 0.623327 
    56     70 0.614337 
    57     58 0.622324 
    57     59 0.605605 
    57     60 0.650522 
    57    208 0.646493 
    57    209 0.585527 
    58     55 0.588965 
    58     56 0.792496 
    58     57 0.622324 
    58     60 0.591864 
    58     65 0.610076 
    59     57 0.605605 
    59    202 0.598898 
    59    212 0.636044 
    59    213 0.752357 
    59    215 0.808277 
    59    216 0.624205 
    60     52 0.647064 
    60     56 0.587501 
    60     57 0.650522 
    60     58 0.591864 
    60    208 0.611707 
    60    209 0.660756 
    61     19 0.598359 
    61     64 0.722410 
    61     67 0.665460 
    62     15 0.631131 
    62     63 0.636372 
    62     64 0.730152 
    62     65 0.792629 
    62     66 0.661848 
    62    136 0.586407 
    63     62 0.636372 
    63     65 0.588860 
    64     15 0.681810 
    64     34 0.620449 
    64     39 0.589069 
    64     61 0.722410 
    64     62 0.730152 
    64     65 0.805718 
    64     66 0.623799 
    64     67 0.658667 
    64     68 0.606590 
    64     73 0.758601 
    64    136 0.596188 
    65     15 0.653610 
    65     56 0.623327 
    65     58 0.610076 
    65     62 0.792629 
    65     63 0.588860 
    65     64 0.805718 
    65     66 0.708671 
    65     73 0.701564 
    65    213 0.588824 
    66     62 0.661848 
    66     64 0.623799 
    66     65 0.708671 
    66     73 0.598565 
    67     32 0.614593 
    67     43 0.628977 
    67     61 0.665460 
    67     64 0.658667 
    68     64 0.606590 
    68     69 0.590168 
    68    261 0.672708 
    69     20 0.605691 
    69     68 0.590168 
    70     43 0.754896 
    70     44 0.618414 
    70     45 0.634460 
    70     46 0.586108 
    70     56 0.614337 
    70     71 0.770428 
    71     42 0.605081 
    71     43 0.690525 
    71     44 0.681769 
    71     45 0.678450 
    71     70 0.770428 
    72     55 0.596033 
    72    200 0.593062 
    72    220 0.537007 
    73     64 0.758601 
    73     65 0.701564 
    73     66 0.598565 
    74     80 0.780798 
    74     86 0.608031 
    74     96 0.642308 
    74    115 0.587679 
    74    125 0.733644 
    74    126 0.703609 
    74    130 0.629320 
    74    147 0.616076 
    74    157 0.671242 
    74    240 0.615116 
    75     78 0.557247 
    75    130 0.466218 
    76    107 0.597239 
    76    109 0.672616 
    76    110 0.691136 
    76    113 0.601399 
    77    222 0.495094 
    77    223 0.459364 
    78     75 0.557247 
    79     83 0.580933 
    79     86 0.681606 
    79     88 0.670912 
    79     96 0.719259 
    79     98 0.730862 
    79    100 0.691483 
    79    114 0.591935 
    80     74 0.780798 
    80     96 0.654952 
    80    125 0.708517 
    80    126 0.586637 
    80    130 0.660630 
    80    157 0.633855 
    81    106 0.598998 
    81    248 0.403176 
    82    128 0.588313 
    83     79 0.580933 
    83     84 0.452339 
    84     83 0.452339 
    85    216 0.481733 
    86     74 0.608031 
    86     79 0.681606 
    86     87 0.619630 
    86     96 0.657182 
    86     99 0.595200 
    86    119 0.558338 
    86    194 0.602150 
    87     86 0.619630 
    87    177 0.623595 
    87    198 0.680049 
    88     79 0.670912 
    88     89 0.701257 
    88     90 0.703098 
    88     91 0.744424 
    88     92 0.617418 
    88     96 0.676458 
    88    100 0.604817 
    88    130 0.585146 
    89     88 0.701257 
    89     90 0.615783 
    89     92 0.860895 
    89     96 0.705113 
    89    130 0.690107 
    89    135 0.611821 
    90     88 0.703098 
    90     89 0.615783 
    90     91 0.698822 
    90     92 0.638680 
    90     95 0.633704 
    90    105 0.598041 
    91     88 0.744424 
    91     90 0.698822 
    92     88 0.617418 
    92     89 0.860895 
    92     90 0.638680 
    92     96 0.638577 
    92    130 0.639020 
    93    135 0.604634 
    94     97 0.584335 
    94    133 0.665483 
    94    135 0.589453 
    95     90 0.633704 
    96     74 0.642308 
    96     79 0.719259 
    96     80 0.654952 
    96     86 0.657182 
    96     88 0.676458 
    96     89 0.705113 
    96     92 0.638577 
    96    121 0.679410 
    96    128 0.603513 
    96    130 0.846012 
    97     94 0.584335 
    97    101 0.717254 
    97    126 0.616547 
    97    192 0.632219 
    97    193 0.713415 
    97    194 0.692122 
    97    199 0.599726 
    98     79 0.730862 
    98    100 0.647534 
    98    102 0.589809 
    98    103 0.631800 
    98    106 0.678359 
    98    111 0.614079 
    98    114 0.681705 
    98    137 0.620954 
    98    236 0.613693 
    99     86 0.595200 
   100     79 0.691483 
   100     88 0.604817 
   100     98 0.647534 
   100    106 0.596880 
   100    115 0.613085 
   101     97 0.717254 
   102     98 0.589809 
   102    103 0.589690 
   102    106 0.609747 
   103     98 0.631800 
   103    102 0.589690 
   103    104 0.667963 
   103    114 0.625106 
   104    103 0.667963 
   104    111 0.595963 
   105     90 0.598041 
   105    108 0.744705 
   105    111 0.591902 
   106     81 0.598998 
   106     98 0.678359 
   106    100 0.596880 
   106    102 0.609747 
   106    114 0.696168 
   106    115 0.596213 
   106    116 0.539219 
   106    139 0.636451 
   107     76 0.597239 
   107    109 0.658112 
   107    110 0.660064 
   107    111 0.706733 
   107    113 0.756670 
   108    105 0.744705 
   108    111 0.594427 
   109     76 0.672616 
   109    107 0.658112 
   109    110 0.775119 
   109    112 0.662572 
   109    113 0.763305 
   109    202 0.647732 
   109    213 0.608526 
   109    215 0.626236 
   110     76 0.691136 
   110    107 0.660064 
   110    109 0.775119 
   110    113 0.716152 
   110    122 0.647516 
   110    215 0.595983 
   111     98 0.614079 
   111    104 0.595963 
   111    105 0.591902 
   111    107 0.706733 
   111    108 0.594427 
   111    113 0.680067 
   111    115 0.640447 
   112    109 0.662572 
   112    113 0.769471 
   112    202 0.827457 
   112    210 0.584764 
   112    212 0.599294 
   112    213 0.735472 
   112    215 0.697334 
   112    216 0.665707 
   112    223 0.552647 
   112    228 0.567244 
   112    242 0.616967 
   113     76 0.601399 
   113    107 0.756670 
   113    109 0.763305 
   113    110 0.716152 
   113    111 0.680067 
   113    112 0.769471 
   113    122 0.599089 
   113    202 0.693661 
   113    212 0.599198 
   113    213 0.651822 
   113    215 0.669741 
   113    216 0.608377 
   114     79 0.591935 
   114     98 0.681705 
   114    103 0.625106 
   114    106 0.696168 
   115     74 0.587679 
   115    100 0.613085 
   115    106 0.596213 
   115    111 0.640447 
   116      9 0.515531 
   116    106 0.539219 
   117    118 0.598704 
   117    129 0.605313 
   117    240 0.639437 
   118    117 0.598704 
   118    236 0.610782 
   118    240 0.583691 
   118    242 0.662789 
   119     86 0.558338 
   120    131 0.537912 
   120    137 0.586354 
   121     96 0.679410 
   121    128 0.664407 
   122    110 0.647516 
   122    113 0.599089 
   122    215 0.588678 
   122    216 0.597215 
   123      6 0.343166 
   123    128 0.415880 
   124    125 0.691526 
   124    126 0.588934 
   125      7 0.544337 
   125     74 0.733644 
   125     80 0.708517 
   125    124 0.691526 
   125    126 0.728023 
   125    128 0.584611 
   125    147 0.600552 
   125    157 0.672788 
   126      8 0.621252 
   126     74 0.703609 
   126     80 0.586637 
   126     97 0.616547 
   126    124 0.588934 
   126    125 0.728023 
   127    184 0.666395 
   128     82 0.588313 
   128     96 0.603513 
   128    121 0.664407 
   128    123 0.415880 
   128    125 0.584611 
   128    129 0.609997 
   129    117 0.605313 
   129    128 0.609997 
   130     74 0.629320 
   130     75 0.466218 
   130     80 0.660630 
   130     88 0.585146 
   130     89 0.690107 
   130     92 0.639020 
   130     96 0.846012 
   131    120 0.537912 
   132    242 0.516563 
   133     94 0.665483 
   134    135 0.783466 
   134    195 0.614734 
   134    260 0.607885 
   135     89 0.611821 
   135     93 0.604634 
   135     94 0.589453 
   135    134 0.783466 
   135    199 0.588612 
   135    221 0.564715 
   136     13 0.775604 
   136     15 0.666994 
   136     22 0.640969 
   136     39 0.676148 
   136     40 0.595135 
   136     62 0.586407 
   136     64 0.596188 
   136    203 0.608064 
   137     98 0.620954 
   137    120 0.586354 
   137    236 0.657970 
   137    241 0.605980 
   137    242 0.662163 
   138    242 0.459057 
   139     11 0.342589 
   139    106 0.636451 
   139    241 0.621170 
   140    142 0.831550 
   140    149 0.614521 
   140    158 0.766417 
   140    162 0.634350 
   140    165 0.640682 
   140    170 0.712758 
   140    172 0.592551 
   141      1 0.827803 
   141      2 0.853685 
   141    153 0.698412 
   141    161 0.660144 
   141    162 0.595263 
   141    166 0.674844 
   141    168 0.673897 
   141    172 0.686257 
   141    253 0.583815 
   142    140 0.831550 
   142    149 0.663676 
   142    155 0.583655 
   142    158 0.740382 
   142    162 0.688361 
   142    165 0.627026 
   142    170 0.628252 
   142    172 0.642314 
   143    145 0.704707 
   143    146 0.695570 
   143    148 0.689057 
   143    150 0.748717 
   143    151 0.692447 
   143    160 0.766580 
   143    163 0.609641 
   143    167 0.703821 
   143    170 0.607812 
   144    169 0.656979 
   144    173 0.663160 
   144    235 0.648348 
   144    257 0.620974 
   145    143 0.704707 
   145    146 0.852368 
   145    148 0.843348 
   145    150 0.698984 
   145    151 0.796494 
   145    152 0.687702 
   145    160 0.711893 
   145    163 0.737192 
   145    167 0.754814 
   145    170 0.879022 
   146    143 0.695570 
   146    145 0.852368 
   146    148 0.799478 
   146    150 0.643233 
   146    151 0.772929 
   146    152 0.753366 
   146    160 0.734751 
   146    163 0.702076 
   146    167 0.830272 
   146    170 0.815942 
   147     74 0.616076 
   147    125 0.600552 
   147    157 0.718164 
   147    169 0.615603 
   147    237 0.603777 
   148    143 0.689057 
   148    145 0.843348 
   148    146 0.799478 
   148    150 0.703531 
   148    151 0.803976 
   148    152 0.742866 
   148    160 0.729592 
   148    163 0.657362 
   148    167 0.670778 
   148    170 0.765134 
   149    140 0.614521 
   149    142 0.663676 
   149    153 0.599992 
   149    155 0.789031 
   149    158 0.588335 
   149    159 0.588916 
   149    161 0.616629 
   149    162 0.828582 
   149    165 0.764324 
   149    166 0.693887 
   149    169 0.769014 
   149    172 0.750643 
   149    183 0.599999 
   150    143 0.748717 
   150    145 0.698984 
   150    146 0.643233 
   150    148 0.703531 
   150    151 0.758123 
   150    159 0.662084 
   150    160 0.665502 
   150    167 0.648511 
   150    170 0.705360 
   151    143 0.692447 
   151    145 0.796494 
   151    146 0.772929 
   151    148 0.803976 
   151    150 0.758123 
   151    160 0.661015 
   151    167 0.654830 
   151    170 0.792009 
   152    145 0.687702 
   152    146 0.753366 
   152    148 0.742866 
   152    160 0.652141 
   152    163 0.628967 
   152    167 0.618287 
   152    170 0.604901 
   153      1 0.607978 
   153      2 0.612382 
   153    141 0.698412 
   153    149 0.599992 
   153    154 0.682171 
   153    155 0.679128 
   153    161 0.761988 
   153    162 0.679796 
   153    165 0.617617 
   153    166 0.668268 
   153    168 0.847430 
   153    169 0.713581 
   153    172 0.739712 
   153    173 0.675426 
   153    191 0.631393 
   153    254 0.636277 
   153    257 0.644048 
   154    153 0.682171 
   154    155 0.685037 
   154    164 0.620298 
   154    166 0.634142 
   154    168 0.696961 
   154    172 0.632407 
   154    179 0.594195 
   154    191 0.688725 
   154    256 0.672761 
   154    258 0.637474 
   154    259 0.605083 
   154    262 0.757468 
   155    142 0.583655 
   155    149 0.789031 
   155    153 0.679128 
   155    154 0.685037 
   155    156 0.630372 
   155    162 0.793615 
   155    164 0.613120 
   155    165 0.716203 
   155    166 0.746252 
   155    168 0.615487 
   155    169 0.731336 
   155    172 0.731037 
   155    173 0.620982 
   155    191 0.613204 
   155    256 0.643539 
   155    258 0.695935 
   156     14 0.464638 
   156    155 0.630372 
   157     74 0.671242 
   157     80 0.633855 
   157    125 0.672788 
   157    147 0.718164 
   157    169 0.626671 
   157    251 0.606699 
   158    140 0.766417 
   158    142 0.740382 
   158    149 0.588335 
   158    162 0.631634 
   158    165 0.604279 
   159    149 0.588916 
   159    150 0.662084 
   159    162 0.603076 
   159    167 0.588699 
   159    169 0.642594 
   160    143 0.766580 
   160    145 0.711893 
   160    146 0.734751 
   160    148 0.729592 
   160    150 0.665502 
   160    151 0.661015 
   160    152 0.652141 
   160    163 0.662585 
   160    167 0.718138 
   160    170 0.627633 
   161      1 0.612596 
   161      2 0.610907 
   161    141 0.660144 
   161    149 0.616629 
   161    153 0.761988 
   161    162 0.667132 
   161    165 0.618853 
   161    166 0.669717 
   161    168 0.697077 
   161    169 0.675456 
   161    171 0.603927 
   161    172 0.765495 
   161    173 0.619399 
   161    253 0.612287 
   162    140 0.634350 
   162    141 0.595263 
   162    142 0.688361 
   162    149 0.828582 
   162    153 0.679796 
   162    155 0.793615 
   162    158 0.631634 
   162    159 0.603076 
   162    161 0.667132 
   162    165 0.821031 
   162    166 0.719218 
   162    168 0.616127 
   162    169 0.792779 
   162    172 0.761043 
   162    183 0.607299 
   163    143 0.609641 
   163    145 0.737192 
   163    146 0.702076 
   163    148 0.657362 
   163    152 0.628967 
   163    160 0.662585 
   163    167 0.706943 
   163    170 0.586205 
   164    154 0.620298 
   164    155 0.613120 
   164    169 0.640820 
   164    173 0.606741 
   164    257 0.674417 
   165    140 0.640682 
   165    142 0.627026 
   165    149 0.764324 
   165    153 0.617617 
   165    155 0.716203 
   165    158 0.604279 
   165    161 0.618853 
   165    162 0.821031 
   165    166 0.611285 
   165    169 0.705967 
   165    172 0.761089 
   165    183 0.749102 
   166      1 0.610600 
   166      2 0.615452 
   166    141 0.674844 
   166    149 0.693887 
   166    153 0.668268 
   166    154 0.634142 
   166    155 0.746252 
   166    161 0.669717 
   166    162 0.719218 
   166    165 0.611285 
   166    168 0.646977 
   166    171 0.589449 
   166    172 0.726915 
   166    174 0.641134 
   166    191 0.669323 
   166    199 0.668483 
   166    253 0.607287 
   166    256 0.843734 
   166    262 0.604100 
   167    143 0.703821 
   167    145 0.754814 
   167    146 0.830272 
   167    148 0.670778 
   167    150 0.648511 
   167    151 0.654830 
   167    152 0.618287 
   167    159 0.588699 
   167    160 0.718138 
   167    163 0.706943 
   167    170 0.703817 
   168      1 0.658099 
   168      2 0.617290 
   168    141 0.673897 
   168    153 0.847430 
   168    154 0.696961 
   168    155 0.615487 
   168    161 0.697077 
   168    162 0.616127 
   168    166 0.646977 
   168    169 0.588679 
   168    172 0.760066 
   168    191 0.631500 
   168    262 0.596777 
   169    144 0.656979 
   169    147 0.615603 
   169    149 0.769014 
   169    153 0.713581 
   169    155 0.731336 
   169    157 0.626671 
   169    159 0.642594 
   169    161 0.675456 
   169    162 0.792779 
   169    164 0.640820 
   169    165 0.705967 
   169    168 0.588679 
   169    172 0.671338 
   169    173 0.763029 
   169    257 0.619268 
   170    140 0.712758 
   170    142 0.628252 
   170    143 0.607812 
   170    145 0.879022 
   170    146 0.815942 
   170    148 0.765134 
   170    150 0.705360 
   170    151 0.792009 
   170    152 0.604901 
   170    160 0.627633 
   170    163 0.586205 
   170    167 0.703817 
   171      1 0.615879 
   171    161 0.603927 
   171    166 0.589449 
   172      1 0.658135 
   172      2 0.586655 
   172    140 0.592551 
   172    141 0.686257 
   172    142 0.642314 
   172    149 0.750643 
   172    153 0.739712 
   172    154 0.632407 
   172    155 0.731037 
   172    161 0.765495 
   172    162 0.761043 
   172    165 0.761089 
   172    166 0.726915 
   172    168 0.760066 
   172    169 0.671338 
   172    191 0.584502 
   172    256 0.630831 
   173     10 0.382638 
   173    144 0.663160 
   173    153 0.675426 
   173    155 0.620982 
   173    161 0.619399 
   173    164 0.606741 
   173    169 0.763029 
   173    252 0.661663 
   173    254 0.606106 
   173    257 0.702447 
   174    166 0.641134 
   174    176 0.736331 
   174    187 0.598086 
   174    191 0.602700 
   174    193 0.618064 
   174    199 0.677528 
   174    201 0.599139 
   174    253 0.633463 
   174    256 0.644617 
   174    260 0.605707 
   175     12 0.475902 
   175    176 0.683438 
   175    186 0.678107 
   175    189 0.692889 
   175    196 0.699371 
   175    200 0.666093 
   176    174 0.736331 
   176    175 0.683438 
   176    186 0.630905 
   176    187 0.754602 
   176    198 0.608693 
   176    201 0.596906 
   176    253 0.675512 
   177     87 0.623595 
   177    190 0.641676 
   177    192 0.618221 
   177    195 0.648846 
   177    197 0.741560 
   177    198 0.658514 
   178    191 0.558126 
   179    154 0.594195 
   179    191 0.623584 
   179    199 0.667967 
   179    253 0.587503 
   179    255 0.654789 
   179    256 0.615753 
   179    259 0.590787 
   179    262 0.654138 
   180      3 0.594290 
   181    197 0.602786 
   182    188 0.597761 
   183    149 0.599999 
   183    162 0.607299 
   183    165 0.749102 
   183    243 0.669847 
   184    127 0.666395 
   184    185 0.492804 
   184    244 0.526400 
   185    184 0.492804 
   186    175 0.678107 
   186    176 0.630905 
   186    191 0.690875 
   186    196 0.589165 
   186    199 0.623617 
   186    255 0.664232 
   186    256 0.604714 
   186    262 0.652759 
   187    174 0.598086 
   187    176 0.754602 
   187    260 0.597905 
   188     33 0.592661 
   188    182 0.597761 
   188    189 0.584868 
   188    195 0.662180 
   188    197 0.638629 
   188    198 0.668684 
   189    175 0.692889 
   189    188 0.584868 
   189    190 0.595408 
   189    192 0.665145 
   189    193 0.644595 
   189    195 0.650772 
   189    196 0.773231 
   189    197 0.635805 
   189    199 0.681239 
   189    200 0.585584 
   190    177 0.641676 
   190    189 0.595408 
   190    192 0.717094 
   190    194 0.640115 
   190    195 0.656942 
   190    196 0.639002 
   190    197 0.598042 
   190    199 0.606866 
   190    204 0.690732 
   191     33 0.590351 
   191    153 0.631393 
   191    154 0.688725 
   191    155 0.613204 
   191    166 0.669323 
   191    168 0.631500 
   191    172 0.584502 
   191    174 0.602700 
   191    178 0.558126 
   191    179 0.623584 
   191    186 0.690875 
   191    199 0.732509 
   191    255 0.745214 
   191    256 0.756485 
   191    258 0.641958 
   191    259 0.755179 
   191    262 0.668101 
   192     97 0.632219 
   192    177 0.618221 
   192    189 0.665145 
   192    190 0.717094 
   192    193 0.646614 
   192    194 0.820342 
   192    195 0.757833 
   192    196 0.695329 
   192    199 0.653483 
   192    204 0.682587 
   193     97 0.713415 
   193    174 0.618064 
   193    189 0.644595 
   193    192 0.646614 
   193    194 0.649482 
   193    196 0.657655 
   193    199 0.753906 
   193    256 0.612065 
   194     86 0.602150 
   194     97 0.692122 
   194    190 0.640115 
   194    192 0.820342 
   194    193 0.649482 
   194    195 0.670656 
   194    199 0.617489 
   194    204 0.615298 
   195    134 0.614734 
   195    177 0.648846 
   195    188 0.662180 
   195    189 0.650772 
   195    190 0.656942 
   195    192 0.757833 
   195    194 0.670656 
   195    196 0.629745 
   195    197 0.666001 
   195    199 0.589903 
   195    260 0.646491 
   196    175 0.699371 
   196    186 0.589165 
   196    189 0.773231 
   196    190 0.639002 
   196    192 0.695329 
   196    193 0.657655 
   196    195 0.629745 
   196    197 0.598462 
   196    199 0.678843 
   197    177 0.741560 
   197    181 0.602786 
   197    188 0.638629 
   197    189 0.635805 
   197    190 0.598042 
   197    195 0.666001 
   197    196 0.598462 
   197    198 0.641042 
   197    208 0.593256 
   198     87 0.680049 
   198    176 0.608693 
   198    177 0.658514 
   198    188 0.668684 
   198    197 0.641042 
   198    201 0.599645 
   199     97 0.599726 
   199    135 0.588612 
   199    166 0.668483 
   199    174 0.677528 
   199    179 0.667967 
   199    186 0.623617 
   199    189 0.681239 
   199    190 0.606866 
   199    191 0.732509 
   199    192 0.653483 
   199    193 0.753906 
   199    194 0.617489 
   199    195 0.589903 
   199    196 0.678843 
   199    206 0.558315 
   199    255 0.585987 
   199    256 0.738372 
   199    260 0.615691 
   200      3 0.555026 
   200     72 0.593062 
   200    175 0.666093 
   200    189 0.585584 
   200    209 0.634585 
   200    218 0.686414 
   201    174 0.599139 
   201    176 0.596906 
   201    198 0.599645 
   201    260 0.645977 
   202     59 0.598898 
   202    109 0.647732 
   202    112 0.827457 
   202    113 0.693661 
   202    212 0.690736 
   202    213 0.826658 
   202    215 0.763185 
   202    216 0.725763 
   203    136 0.608064 
   204    190 0.690732 
   204    192 0.682587 
   204    194 0.615298 
   205    237 0.454150 
   206    199 0.558315 
   207    209 0.550224 
   208     57 0.646493 
   208     60 0.611707 
   208    197 0.593256 
   208    209 0.757886 
   208    210 0.699059 
   209     57 0.585527 
   209     60 0.660756 
   209    200 0.634585 
   209    207 0.550224 
   209    208 0.757886 
   209    210 0.698046 
   209    211 0.620864 
   209    215 0.612745 
   209    216 0.613445 
   209    218 0.641857 
   210    112 0.584764 
   210    208 0.699059 
   210    209 0.698046 
   210    216 0.625564 
   210    242 0.600934 
   211    209 0.620864 
   211    215 0.587345 
   211    216 0.602004 
   212     59 0.636044 
   212    112 0.599294 
   212    113 0.599198 
   212    202 0.690736 
   212    213 0.687684 
   212    215 0.784691 
   212    216 0.732464 
   213     47 0.678957 
   213     59 0.752357 
   213     65 0.588824 
   213    109 0.608526 
   213    112 0.735472 
   213    113 0.651822 
   213    202 0.826658 
   213    212 0.687684 
   213    214 0.577743 
   213    215 0.829928 
   213    216 0.664972 
   214    213 0.577743 
   214    219 0.657113 
   215     59 0.808277 
   215    109 0.626236 
   215    110 0.595983 
   215    112 0.697334 
   215    113 0.669741 
   215    122 0.588678 
   215    202 0.763185 
   215    209 0.612745 
   215    211 0.587345 
   215    212 0.784691 
   215    213 0.829928 
   215    216 0.770619 
   215    217 0.575966 
   215    229 0.525851 
   216     54 0.649355 
   216     59 0.624205 
   216     85 0.481733 
   216    112 0.665707 
   216    113 0.608377 
   216    122 0.597215 
   216    202 0.725763 
   216    209 0.613445 
   216    210 0.625564 
   216    211 0.602004 
   216    212 0.732464 
   216    213 0.664972 
   216    215 0.770619 
   217    215 0.575966 
   218    200 0.686414 
   218    209 0.641857 
   219    214 0.657113 
   220     72 0.537007 
   221    135 0.564715 
   222     77 0.495094 
   222    226 0.799596 
   223     77 0.459364 
   223    112 0.552647 
   224    225 0.782595 
   225    224 0.782595 
   225    234 0.482854 
   226    222 0.799596 
   227    228 0.587236 
   227    230 0.676696 
   228    112 0.567244 
   228    227 0.587236 
   228    233 0.657180 
   229    215 0.525851 
   229    231 0.624579 
   229    232 0.687579 
   230    227 0.676696 
   231    229 0.624579 
   231    232 0.588261 
   232    229 0.687579 
   232    231 0.588261 
   233    228 0.657180 
   233    234 0.548599 
   234    225 0.482854 
   234    233 0.548599 
   235    144 0.648348 
   235    240 0.758313 
   236     98 0.613693 
   236    118 0.610782 
   236    137 0.657970 
   236    241 0.588662 
   236    242 0.649333 
   237    147 0.603777 
   237    205 0.454150 
   237    252 0.586984 
   238    241 0.549748 
   239    240 0.602619 
   240     74 0.615116 
   240    117 0.639437 
   240    118 0.583691 
   240    235 0.758313 
   240    239 0.602619 
   241    137 0.605980 
   241    139 0.621170 
   241    236 0.588662 
   241    238 0.549748 
   241    242 0.675646 
   242    112 0.616967 
   242    118 0.662789 
   242    132 0.516563 
   242    137 0.662163 
   242    138 0.459057 
   242    210 0.600934 
   242    236 0.649333 
   242    241 0.675646 
   243    183 0.669847 
   243    245 0.589215 
   244    184 0.526400 
   244    245 0.616029 
   245    243 0.589215 
   245    244 0.616029 
   245    246 0.603335 
   246    245 0.603335 
   247    248 0.487026 
   247    249 0.497948 
   248     81 0.403176 
   248    247 0.487026 
   249    247 0.497948 
   249    250 0.617030 
   250    249 0.617030 
   251    157 0.606699 
   252     48 0.656294 
   252    173 0.661663 
   252    237 0.586984 
   252    253 0.649671 
   252    257 0.691456 
   252    261 0.657468 
   253      2 0.584493 
   253      4 0.619593 
   253      8 0.598478 
   253    141 0.583815 
   253    161 0.612287 
   253    166 0.607287 
   253    174 0.633463 
   253    176 0.675512 
   253    179 0.587503 
   253    252 0.649671 
   254    153 0.636277 
   254    173 0.606106 
   254    257 0.722197 
   255     26 0.639856 
   255     33 0.747317 
   255    179 0.654789 
   255    186 0.664232 
   255    191 0.745214 
   255    199 0.585987 
   255    256 0.607456 
   255    258 0.611034 
   255    259 0.793316 
   255    262 0.621764 
   256    154 0.672761 
   256    155 0.643539 
   256    166 0.843734 
   256    172 0.630831 
   256    174 0.644617 
   256    179 0.615753 
   256    186 0.604714 
   256    191 0.756485 
   256    193 0.612065 
   256    199 0.738372 
   256    255 0.607456 
   256    262 0.642946 
   257    144 0.620974 
   257    153 0.644048 
   257    164 0.674417 
   257    169 0.619268 
   257    173 0.702447 
   257    252 0.691456 
   257    254 0.722197 
   258    154 0.637474 
   258    155 0.695935 
   258    191 0.641958 
   258    255 0.611034 
   258    259 0.624992 
   258    262 0.596693 
   258    263 0.719869 
   259     26 0.627107 
   259     33 0.710631 
   259    154 0.605083 
   259    179 0.590787 
   259    191 0.755179 
   259    255 0.793316 
   259    258 0.624992 
   259    262 0.699171 
   259    263 0.616666 
   260    134 0.607885 
   260    174 0.605707 
   260    187 0.597905 
   260    195 0.646491 
   260    199 0.615691 
   260    201 0.645977 
   261     13 0.619197 
   261     48 0.595888 
   261     68 0.672708 
   261    252 0.657468 
   261    264 0.664000 
   262    154 0.757468 
   262    166 0.604100 
   262    168 0.596777 
   262    179 0.654138 
   262    186 0.652759 
   262    191 0.668101 
   262    255 0.621764 
   262    256 0.642946 
   262    258 0.596693 
   262    259 0.699171 
   263     22 0.621900 
   263    258 0.719869 
   263    259 0.616666 
   264     53 0.601381 
   264    261 0.664000 
