*vertices    264 
     1 "     1" 
     2 "     2" 
     3 "     3" 
     4 "     4" 
     5 "     5" 
     6 "     6" 
     7 "     7" 
     8 "     8" 
     9 "     9" 
    10 "    10" 
    11 "    11" 
    12 "    12" 
    13 "    13" 
    14 "    14" 
    15 "    15" 
    16 "    16" 
    17 "    17" 
    18 "    18" 
    19 "    19" 
    20 "    20" 
    21 "    21" 
    22 "    22" 
    23 "    23" 
    24 "    24" 
    25 "    25" 
    26 "    26" 
    27 "    27" 
    28 "    28" 
    29 "    29" 
    30 "    30" 
    31 "    31" 
    32 "    32" 
    33 "    33" 
    34 "    34" 
    35 "    35" 
    36 "    36" 
    37 "    37" 
    38 "    38" 
    39 "    39" 
    40 "    40" 
    41 "    41" 
    42 "    42" 
    43 "    43" 
    44 "    44" 
    45 "    45" 
    46 "    46" 
    47 "    47" 
    48 "    48" 
    49 "    49" 
    50 "    50" 
    51 "    51" 
    52 "    52" 
    53 "    53" 
    54 "    54" 
    55 "    55" 
    56 "    56" 
    57 "    57" 
    58 "    58" 
    59 "    59" 
    60 "    60" 
    61 "    61" 
    62 "    62" 
    63 "    63" 
    64 "    64" 
    65 "    65" 
    66 "    66" 
    67 "    67" 
    68 "    68" 
    69 "    69" 
    70 "    70" 
    71 "    71" 
    72 "    72" 
    73 "    73" 
    74 "    74" 
    75 "    75" 
    76 "    76" 
    77 "    77" 
    78 "    78" 
    79 "    79" 
    80 "    80" 
    81 "    81" 
    82 "    82" 
    83 "    83" 
    84 "    84" 
    85 "    85" 
    86 "    86" 
    87 "    87" 
    88 "    88" 
    89 "    89" 
    90 "    90" 
    91 "    91" 
    92 "    92" 
    93 "    93" 
    94 "    94" 
    95 "    95" 
    96 "    96" 
    97 "    97" 
    98 "    98" 
    99 "    99" 
   100 "   100" 
   101 "   101" 
   102 "   102" 
   103 "   103" 
   104 "   104" 
   105 "   105" 
   106 "   106" 
   107 "   107" 
   108 "   108" 
   109 "   109" 
   110 "   110" 
   111 "   111" 
   112 "   112" 
   113 "   113" 
   114 "   114" 
   115 "   115" 
   116 "   116" 
   117 "   117" 
   118 "   118" 
   119 "   119" 
   120 "   120" 
   121 "   121" 
   122 "   122" 
   123 "   123" 
   124 "   124" 
   125 "   125" 
   126 "   126" 
   127 "   127" 
   128 "   128" 
   129 "   129" 
   130 "   130" 
   131 "   131" 
   132 "   132" 
   133 "   133" 
   134 "   134" 
   135 "   135" 
   136 "   136" 
   137 "   137" 
   138 "   138" 
   139 "   139" 
   140 "   140" 
   141 "   141" 
   142 "   142" 
   143 "   143" 
   144 "   144" 
   145 "   145" 
   146 "   146" 
   147 "   147" 
   148 "   148" 
   149 "   149" 
   150 "   150" 
   151 "   151" 
   152 "   152" 
   153 "   153" 
   154 "   154" 
   155 "   155" 
   156 "   156" 
   157 "   157" 
   158 "   158" 
   159 "   159" 
   160 "   160" 
   161 "   161" 
   162 "   162" 
   163 "   163" 
   164 "   164" 
   165 "   165" 
   166 "   166" 
   167 "   167" 
   168 "   168" 
   169 "   169" 
   170 "   170" 
   171 "   171" 
   172 "   172" 
   173 "   173" 
   174 "   174" 
   175 "   175" 
   176 "   176" 
   177 "   177" 
   178 "   178" 
   179 "   179" 
   180 "   180" 
   181 "   181" 
   182 "   182" 
   183 "   183" 
   184 "   184" 
   185 "   185" 
   186 "   186" 
   187 "   187" 
   188 "   188" 
   189 "   189" 
   190 "   190" 
   191 "   191" 
   192 "   192" 
   193 "   193" 
   194 "   194" 
   195 "   195" 
   196 "   196" 
   197 "   197" 
   198 "   198" 
   199 "   199" 
   200 "   200" 
   201 "   201" 
   202 "   202" 
   203 "   203" 
   204 "   204" 
   205 "   205" 
   206 "   206" 
   207 "   207" 
   208 "   208" 
   209 "   209" 
   210 "   210" 
   211 "   211" 
   212 "   212" 
   213 "   213" 
   214 "   214" 
   215 "   215" 
   216 "   216" 
   217 "   217" 
   218 "   218" 
   219 "   219" 
   220 "   220" 
   221 "   221" 
   222 "   222" 
   223 "   223" 
   224 "   224" 
   225 "   225" 
   226 "   226" 
   227 "   227" 
   228 "   228" 
   229 "   229" 
   230 "   230" 
   231 "   231" 
   232 "   232" 
   233 "   233" 
   234 "   234" 
   235 "   235" 
   236 "   236" 
   237 "   237" 
   238 "   238" 
   239 "   239" 
   240 "   240" 
   241 "   241" 
   242 "   242" 
   243 "   243" 
   244 "   244" 
   245 "   245" 
   246 "   246" 
   247 "   247" 
   248 "   248" 
   249 "   249" 
   250 "   250" 
   251 "   251" 
   252 "   252" 
   253 "   253" 
   254 "   254" 
   255 "   255" 
   256 "   256" 
   257 "   257" 
   258 "   258" 
   259 "   259" 
   260 "   260" 
   261 "   261" 
   262 "   262" 
   263 "   263" 
   264 "   264" 
*edges 
     1      2 0.415740 
     1    142 0.548206 
     2      1 0.415740 
     3     78 0.204076 
     3    251 0.385763 
     4    188 0.482020 
     5    219 0.475588 
     6     76 0.472964 
     6     82 0.515744 
     6    129 0.468867 
     7     77 0.571194 
     8    254 0.535538 
     9    181 0.472909 
    10     11 0.306360 
    11     10 0.306360 
    11     87 0.622982 
    11     94 0.666260 
    11     96 0.709513 
    11     97 0.664763 
    11    119 0.676606 
    11    218 0.619885 
    12    194 0.450723 
    13    136 0.713948 
    13    203 0.697453 
    13    251 0.748896 
    14     15 0.658010 
    15     14 0.658010 
    15     17 0.697542 
    15     24 0.679813 
    15     31 0.656508 
    15     39 0.760794 
    15     40 0.763528 
    15     41 0.653563 
    16     40 0.646245 
    16     51 0.713987 
    17     15 0.697542 
    17     24 0.610926 
    17     31 0.662950 
    17     39 0.812558 
    17     40 0.775208 
    18     94 0.620713 
    18    179 0.669094 
    19     39 0.457648 
    20     26 0.627534 
    20     27 0.617992 
    20     63 0.640576 
    21     23 0.705482 
    21     26 0.682752 
    21     27 0.794577 
    21     31 0.614193 
    21     36 0.748405 
    21     41 0.624059 
    21     53 0.681937 
    21     63 0.704931 
    21     65 0.607952 
    21     67 0.631719 
    21    235 0.619755 
    21    237 0.636364 
    22     32 0.698416 
    22     38 0.788313 
    23     21 0.705482 
    23     24 0.638884 
    23     27 0.735257 
    23     28 0.638456 
    23     31 0.750537 
    23     34 0.734798 
    23     35 0.713671 
    23     38 0.631190 
    23     40 0.669604 
    23     63 0.654007 
    24     15 0.679813 
    24     17 0.610926 
    24     23 0.638884 
    24     27 0.711275 
    24     31 0.639953 
    24     34 0.655239 
    24     36 0.699523 
    24     39 0.637468 
    24     40 0.667360 
    24     41 0.686782 
    24     63 0.668601 
    24    237 0.625213 
    25     30 0.527287 
    25     34 0.593474 
    25     49 0.565741 
    26     20 0.627534 
    26     21 0.682752 
    26     27 0.640433 
    26     33 0.548446 
    26     36 0.719053 
    26     41 0.637962 
    27     20 0.617992 
    27     21 0.794577 
    27     23 0.735257 
    27     24 0.711275 
    27     26 0.640433 
    27     31 0.654047 
    27     35 0.707720 
    27     36 0.659666 
    27     63 0.707171 
    27     70 0.614647 
    27    237 0.633251 
    28     23 0.638456 
    28     34 0.740222 
    29     36 0.634400 
    30     25 0.527287 
    31     15 0.656508 
    31     17 0.662950 
    31     21 0.614193 
    31     23 0.750537 
    31     24 0.639953 
    31     27 0.654047 
    31     35 0.773281 
    31     39 0.711167 
    31     40 0.711853 
    32     22 0.698416 
    32     38 0.696571 
    33     26 0.548446 
    34     23 0.734798 
    34     24 0.655239 
    34     25 0.593474 
    34     28 0.740222 
    35     23 0.713671 
    35     27 0.707720 
    35     31 0.773281 
    35     37 0.593973 
    36     21 0.748405 
    36     24 0.699523 
    36     26 0.719053 
    36     27 0.659666 
    36     29 0.634400 
    36     41 0.768295 
    36     63 0.612903 
    37     35 0.593973 
    37    247 0.451302 
    38     22 0.788313 
    38     23 0.631190 
    38     32 0.696571 
    38     68 0.653717 
    39     15 0.760794 
    39     17 0.812558 
    39     19 0.457648 
    39     24 0.637468 
    39     31 0.711167 
    39     40 0.800446 
    39     41 0.613552 
    40     15 0.763528 
    40     16 0.646245 
    40     17 0.775208 
    40     23 0.669604 
    40     24 0.667360 
    40     31 0.711853 
    40     39 0.800446 
    41     15 0.653563 
    41     21 0.624059 
    41     24 0.686782 
    41     26 0.637962 
    41     36 0.768295 
    41     39 0.613552 
    42     44 0.825997 
    42     45 0.730207 
    42     46 0.793242 
    43     46 0.426019 
    44     42 0.825997 
    44     45 0.738491 
    44     46 0.821005 
    44     63 0.627388 
    44     70 0.622486 
    44    243 0.543929 
    45     42 0.730207 
    45     44 0.738491 
    45     46 0.688624 
    46     42 0.793242 
    46     43 0.426019 
    46     44 0.821005 
    46     45 0.688624 
    46     70 0.666323 
    47     54 0.741435 
    47    255 0.531917 
    48     68 0.638890 
    49     25 0.565741 
    50     53 0.629804 
    51     16 0.713987 
    52     54 0.564744 
    52     60 0.567201 
    53     21 0.681937 
    53     50 0.629804 
    54     47 0.741435 
    54     52 0.564744 
    54     59 0.650599 
    54     72 0.696366 
    54    204 0.622757 
    54    213 0.701497 
    55     72 0.446297 
    56     58 0.472452 
    57    230 0.510948 
    58     56 0.472452 
    58     70 0.546561 
    59     54 0.650599 
    59    213 0.811129 
    59    215 0.625655 
    59    216 0.661913 
    59    217 0.610545 
    59    244 0.473376 
    60     52 0.567201 
    61    229 0.477280 
    62     65 0.619154 
    62    235 0.696456 
    62    237 0.691719 
    62    238 0.708417 
    62    240 0.701371 
    63     20 0.640576 
    63     21 0.704931 
    63     23 0.654007 
    63     24 0.668601 
    63     27 0.707171 
    63     36 0.612903 
    63     44 0.627388 
    63     65 0.650088 
    63     66 0.628702 
    63     70 0.647715 
    63    237 0.671468 
    64     67 0.671116 
    65     21 0.607952 
    65     62 0.619154 
    65     63 0.650088 
    65     70 0.612249 
    66     63 0.628702 
    67     21 0.631719 
    67     64 0.671116 
    67     69 0.609922 
    68     38 0.653717 
    68     48 0.638890 
    69     67 0.609922 
    70     27 0.614647 
    70     44 0.622486 
    70     46 0.666323 
    70     58 0.546561 
    70     63 0.647715 
    70     65 0.612249 
    70     71 0.617252 
    70     72 0.636825 
    71     70 0.617252 
    72     54 0.696366 
    72     55 0.446297 
    72     70 0.636825 
    73    236 0.392951 
    74     76 0.652872 
    74     80 0.759474 
    74     86 0.674239 
    74     88 0.744349 
    74     89 0.706555 
    74     90 0.712921 
    74     91 0.650302 
    74     93 0.706781 
    74     95 0.647904 
    74    104 0.741074 
    74    105 0.648248 
    74    106 0.646538 
    74    109 0.660921 
    74    110 0.609282 
    74    113 0.610280 
    74    126 0.607758 
    74    219 0.651775 
    75    253 0.373812 
    76      6 0.472964 
    76     74 0.652872 
    76     80 0.624534 
    76     86 0.617814 
    76     88 0.747884 
    76     89 0.657866 
    76     90 0.657483 
    76     92 0.667905 
    76    104 0.665449 
    76    105 0.706335 
    76    106 0.671029 
    76    107 0.784728 
    76    108 0.764131 
    76    109 0.744519 
    76    110 0.715149 
    76    111 0.737161 
    76    113 0.721728 
    76    219 0.729780 
    77      7 0.571194 
    77     90 0.626524 
    77     93 0.615099 
    77    124 0.649913 
    77    146 0.644393 
    77    160 0.698100 
    78      3 0.204076 
    79     86 0.544407 
    80     74 0.759474 
    80     76 0.624534 
    80     86 0.803890 
    80     88 0.781091 
    80     89 0.787001 
    80     90 0.630881 
    80     91 0.621190 
    80     93 0.669346 
    80     95 0.613886 
    80     97 0.761451 
    80    102 0.684475 
    80    103 0.634595 
    80    104 0.715562 
    80    105 0.742523 
    80    106 0.709977 
    80    194 0.693493 
    80    219 0.730951 
    81    129 0.425354 
    81    250 0.435046 
    82      6 0.515744 
    82    128 0.489824 
    82    249 0.416584 
    83     84 0.526412 
    84     83 0.526412 
    84    104 0.636763 
    85    109 0.499604 
    86     74 0.674239 
    86     76 0.617814 
    86     79 0.544407 
    86     80 0.803890 
    86     88 0.804693 
    86     89 0.770917 
    86     97 0.752365 
    86     98 0.673988 
    86     99 0.717347 
    86    100 0.733488 
    86    101 0.629800 
    86    102 0.695395 
    86    103 0.680786 
    86    104 0.661323 
    86    105 0.742245 
    86    106 0.731334 
    86    111 0.619848 
    86    194 0.642533 
    86    195 0.685281 
    86    196 0.646780 
    86    219 0.693282 
    86    221 0.655877 
    87     11 0.622982 
    87     94 0.795027 
    87     96 0.655541 
    87     97 0.615596 
    87     99 0.615059 
    87    100 0.688220 
    87    104 0.636140 
    87    112 0.674863 
    87    178 0.655549 
    87    195 0.671055 
    87    201 0.655758 
    88     74 0.744349 
    88     76 0.747884 
    88     80 0.781091 
    88     86 0.804693 
    88     89 0.874884 
    88     90 0.753969 
    88     91 0.673203 
    88     92 0.695336 
    88     93 0.645863 
    88     95 0.612783 
    88     97 0.626166 
    88    102 0.626251 
    88    103 0.640209 
    88    104 0.705935 
    88    105 0.746616 
    88    106 0.728371 
    88    107 0.697278 
    88    108 0.691918 
    88    109 0.746044 
    88    110 0.672186 
    88    111 0.738091 
    88    113 0.658870 
    88    219 0.790171 
    88    221 0.764021 
    89     74 0.706555 
    89     76 0.657866 
    89     80 0.787001 
    89     86 0.770917 
    89     88 0.874884 
    89     90 0.659016 
    89     91 0.665419 
    89     92 0.719645 
    89     97 0.679974 
    89    104 0.633915 
    89    105 0.709361 
    89    106 0.657140 
    89    108 0.629275 
    89    109 0.631157 
    89    110 0.642846 
    89    111 0.639418 
    89    135 0.614990 
    89    194 0.684869 
    89    219 0.719026 
    89    221 0.752111 
    90     74 0.712921 
    90     76 0.657483 
    90     77 0.626524 
    90     80 0.630881 
    90     88 0.753969 
    90     89 0.659016 
    90     91 0.720727 
    90     92 0.761598 
    90     93 0.809072 
    90     95 0.821099 
    90    104 0.633119 
    90    107 0.650382 
    90    109 0.688327 
    90    110 0.641554 
    90    124 0.640912 
    90    125 0.670177 
    91     74 0.650302 
    91     80 0.621190 
    91     88 0.673203 
    91     89 0.665419 
    91     90 0.720727 
    91     92 0.708657 
    91     93 0.680830 
    91     95 0.648333 
    91    109 0.614255 
    91    135 0.613247 
    91    194 0.627820 
    91    221 0.638997 
    92     76 0.667905 
    92     88 0.695336 
    92     89 0.719645 
    92     90 0.761598 
    92     91 0.708657 
    92     93 0.685949 
    92     94 0.740611 
    92     95 0.625584 
    92    107 0.648597 
    92    109 0.610215 
    92    110 0.656861 
    92    122 0.647844 
    92    133 0.711634 
    92    134 0.655593 
    92    135 0.749821 
    92    194 0.662892 
    92    221 0.680017 
    93     74 0.706781 
    93     77 0.615099 
    93     80 0.669346 
    93     88 0.645863 
    93     90 0.809072 
    93     91 0.680830 
    93     92 0.685949 
    93     95 0.868039 
    93    104 0.636360 
    93    110 0.618473 
    93    124 0.730557 
    93    125 0.772084 
    93    126 0.611179 
    93    135 0.608930 
    93    194 0.610705 
    94     11 0.666260 
    94     18 0.620713 
    94     87 0.795027 
    94     92 0.740611 
    94     96 0.698360 
    94     97 0.670661 
    94     99 0.617196 
    94    100 0.687393 
    94    101 0.637174 
    94    104 0.687892 
    94    110 0.653961 
    94    112 0.639097 
    94    119 0.625247 
    94    122 0.678328 
    94    133 0.743810 
    94    194 0.672602 
    94    195 0.690926 
    94    203 0.629383 
    94    218 0.607022 
    95     74 0.647904 
    95     80 0.613886 
    95     88 0.612783 
    95     90 0.821099 
    95     91 0.648333 
    95     92 0.625584 
    95     93 0.868039 
    95    124 0.684517 
    95    125 0.751979 
    96     11 0.709513 
    96     87 0.655541 
    96     94 0.698360 
    96     97 0.760403 
    96    101 0.648458 
    96    119 0.652741 
    96    193 0.628726 
    96    194 0.708537 
    96    195 0.635870 
    96    196 0.654093 
    96    218 0.675939 
    97     11 0.664763 
    97     80 0.761451 
    97     86 0.752365 
    97     87 0.615596 
    97     88 0.626166 
    97     89 0.679974 
    97     94 0.670661 
    97     96 0.760403 
    97     98 0.627121 
    97     99 0.728404 
    97    100 0.736790 
    97    101 0.789344 
    97    102 0.708666 
    97    104 0.680895 
    97    105 0.704712 
    97    106 0.689777 
    97    118 0.632773 
    97    175 0.581318 
    97    194 0.700439 
    97    195 0.621196 
    97    196 0.757911 
    97    218 0.657669 
    97    219 0.654710 
    98     86 0.673988 
    98     97 0.627121 
    98     99 0.676776 
    98    100 0.687309 
    98    102 0.643400 
    98    104 0.610039 
    98    105 0.611325 
    98    106 0.653524 
    98    185 0.529997 
    98    196 0.609133 
    99     86 0.717347 
    99     87 0.615059 
    99     94 0.617196 
    99     97 0.728404 
    99     98 0.676776 
    99    100 0.787619 
    99    101 0.656418 
    99    102 0.626177 
    99    106 0.619766 
    99    114 0.668025 
    99    115 0.685387 
    99    118 0.702184 
    99    195 0.697455 
    99    196 0.624260 
    99    218 0.644159 
   100     86 0.733488 
   100     87 0.688220 
   100     94 0.687393 
   100     97 0.736790 
   100     98 0.687309 
   100     99 0.787619 
   100    101 0.663301 
   100    112 0.679935 
   100    118 0.653985 
   100    194 0.611511 
   100    195 0.808353 
   100    196 0.647817 
   100    201 0.734506 
   100    218 0.608008 
   101     86 0.629800 
   101     94 0.637174 
   101     96 0.648458 
   101     97 0.789344 
   101     99 0.656418 
   101    100 0.663301 
   101    194 0.677163 
   101    196 0.620236 
   102     80 0.684475 
   102     86 0.695395 
   102     88 0.626251 
   102     97 0.708666 
   102     98 0.643400 
   102     99 0.626177 
   102    103 0.779948 
   102    104 0.631357 
   102    105 0.719855 
   102    106 0.759688 
   102    121 0.542379 
   102    131 0.622690 
   102    196 0.645119 
   102    219 0.638159 
   103     80 0.634595 
   103     86 0.680786 
   103     88 0.640209 
   103    102 0.779948 
   103    104 0.636675 
   103    105 0.734119 
   103    106 0.766282 
   103    111 0.653684 
   103    127 0.551346 
   103    131 0.681208 
   103    219 0.644615 
   104     74 0.741074 
   104     76 0.665449 
   104     80 0.715562 
   104     84 0.636763 
   104     86 0.661323 
   104     87 0.636140 
   104     88 0.705935 
   104     89 0.633915 
   104     90 0.633119 
   104     93 0.636360 
   104     94 0.687892 
   104     97 0.680895 
   104     98 0.610039 
   104    102 0.631357 
   104    103 0.636675 
   104    105 0.688901 
   104    106 0.747060 
   104    107 0.707222 
   104    109 0.697882 
   104    110 0.732054 
   104    111 0.638507 
   104    113 0.705882 
   104    122 0.650707 
   104    219 0.658052 
   105     74 0.648248 
   105     76 0.706335 
   105     80 0.742523 
   105     86 0.742245 
   105     88 0.746616 
   105     89 0.709361 
   105     97 0.704712 
   105     98 0.611325 
   105    102 0.719855 
   105    103 0.734119 
   105    104 0.688901 
   105    106 0.830674 
   105    107 0.646492 
   105    108 0.715498 
   105    109 0.671059 
   105    110 0.628215 
   105    111 0.768040 
   105    113 0.735958 
   105    118 0.629688 
   105    139 0.552038 
   105    219 0.775426 
   106     74 0.646538 
   106     76 0.671029 
   106     80 0.709977 
   106     86 0.731334 
   106     88 0.728371 
   106     89 0.657140 
   106     97 0.689777 
   106     98 0.653524 
   106     99 0.619766 
   106    102 0.759688 
   106    103 0.766282 
   106    104 0.747060 
   106    105 0.830674 
   106    108 0.646604 
   106    109 0.654432 
   106    111 0.695281 
   106    113 0.690744 
   106    114 0.660949 
   106    118 0.643299 
   106    219 0.722982 
   107     76 0.784728 
   107     88 0.697278 
   107     90 0.650382 
   107     92 0.648597 
   107    104 0.707222 
   107    105 0.646492 
   107    108 0.717263 
   107    109 0.792459 
   107    110 0.758878 
   107    111 0.768688 
   107    113 0.770425 
   107    122 0.615093 
   107    219 0.636508 
   107    221 0.639878 
   108     76 0.764131 
   108     88 0.691918 
   108     89 0.629275 
   108    105 0.715498 
   108    106 0.646604 
   108    107 0.717263 
   108    109 0.657191 
   108    110 0.608076 
   108    111 0.708021 
   108    113 0.677680 
   108    219 0.673070 
   109     74 0.660921 
   109     76 0.744519 
   109     85 0.499604 
   109     88 0.746044 
   109     89 0.631157 
   109     90 0.688327 
   109     91 0.614255 
   109     92 0.610215 
   109    104 0.697882 
   109    105 0.671059 
   109    106 0.654432 
   109    107 0.792459 
   109    108 0.657191 
   109    110 0.782356 
   109    111 0.736949 
   109    113 0.779181 
   109    219 0.717770 
   109    221 0.618228 
   110     74 0.609282 
   110     76 0.715149 
   110     88 0.672186 
   110     89 0.642846 
   110     90 0.641554 
   110     92 0.656861 
   110     93 0.618473 
   110     94 0.653961 
   110    104 0.732054 
   110    105 0.628215 
   110    107 0.758878 
   110    108 0.608076 
   110    109 0.782356 
   110    111 0.647231 
   110    113 0.691411 
   110    122 0.721808 
   110    219 0.666744 
   110    221 0.618604 
   111     76 0.737161 
   111     86 0.619848 
   111     88 0.738091 
   111     89 0.639418 
   111    103 0.653684 
   111    104 0.638507 
   111    105 0.768040 
   111    106 0.695281 
   111    107 0.768688 
   111    108 0.708021 
   111    109 0.736949 
   111    110 0.647231 
   111    113 0.790280 
   111    219 0.713406 
   112     87 0.674863 
   112     94 0.639097 
   112    100 0.679935 
   112    181 0.626625 
   112    195 0.627486 
   112    197 0.627308 
   112    201 0.690126 
   112    211 0.558876 
   112    218 0.618344 
   113     74 0.610280 
   113     76 0.721728 
   113     88 0.658870 
   113    104 0.705882 
   113    105 0.735958 
   113    106 0.690744 
   113    107 0.770425 
   113    108 0.677680 
   113    109 0.779181 
   113    110 0.691411 
   113    111 0.790280 
   113    122 0.622498 
   113    219 0.684818 
   114     99 0.668025 
   114    106 0.660949 
   114    115 0.642322 
   115     99 0.685387 
   115    114 0.642322 
   115    242 0.579867 
   116    119 0.435726 
   117    129 0.445305 
   118     97 0.632773 
   118     99 0.702184 
   118    100 0.653985 
   118    105 0.629688 
   118    106 0.643299 
   118    119 0.627044 
   118    195 0.608160 
   118    214 0.618859 
   119     11 0.676606 
   119     94 0.625247 
   119     96 0.652741 
   119    116 0.435726 
   119    118 0.627044 
   119    120 0.454689 
   119    218 0.699161 
   119    239 0.628914 
   120    119 0.454689 
   121    102 0.542379 
   122     92 0.647844 
   122     94 0.678328 
   122    104 0.650707 
   122    107 0.615093 
   122    110 0.721808 
   122    113 0.622498 
   122    234 0.591654 
   123    235 0.557061 
   124     77 0.649913 
   124     90 0.640912 
   124     93 0.730557 
   124     95 0.684517 
   124    125 0.828594 
   124    126 0.714554 
   124    136 0.611294 
   124    143 0.641396 
   124    160 0.630071 
   125     90 0.670177 
   125     93 0.772084 
   125     95 0.751979 
   125    124 0.828594 
   125    126 0.625396 
   125    143 0.617516 
   126     74 0.607758 
   126     93 0.611179 
   126    124 0.714554 
   126    125 0.625396 
   127    103 0.551346 
   128     82 0.489824 
   129      6 0.468867 
   129     81 0.425354 
   129    117 0.445305 
   130    205 0.344215 
   131    102 0.622690 
   131    103 0.681208 
   131    176 0.665199 
   131    207 0.533465 
   132    242 0.484879 
   133     92 0.711634 
   133     94 0.743810 
   133    134 0.714698 
   133    135 0.710924 
   133    194 0.671619 
   133    221 0.693199 
   134     92 0.655593 
   134    133 0.714698 
   134    135 0.891664 
   134    221 0.814938 
   135     89 0.614990 
   135     91 0.613247 
   135     92 0.749821 
   135     93 0.608930 
   135    133 0.710924 
   135    134 0.891664 
   135    194 0.687120 
   135    221 0.787288 
   136     13 0.713948 
   136    124 0.611294 
   136    203 0.638358 
   136    251 0.660284 
   136    264 0.679658 
   137    242 0.683981 
   138    261 0.527340 
   139    105 0.552038 
   140    141 0.624066 
   140    142 0.636306 
   141    140 0.624066 
   141    142 0.710050 
   141    153 0.672594 
   141    154 0.609579 
   141    165 0.838099 
   142      1 0.548206 
   142    140 0.636306 
   142    141 0.710050 
   142    151 0.630080 
   142    153 0.623378 
   142    154 0.623751 
   142    171 0.642462 
   143    124 0.641396 
   143    125 0.617516 
   143    160 0.685537 
   144    154 0.636794 
   144    155 0.614726 
   144    156 0.654565 
   144    161 0.649754 
   144    162 0.666499 
   144    169 0.730930 
   144    171 0.613707 
   144    173 0.608953 
   144    235 0.607471 
   144    257 0.654886 
   145    146 0.716035 
   145    152 0.644934 
   145    160 0.647816 
   145    163 0.668065 
   145    170 0.752007 
   146     77 0.644393 
   146    145 0.716035 
   146    152 0.680040 
   146    160 0.681809 
   146    163 0.684187 
   146    170 0.828283 
   147    154 0.714999 
   148    152 0.499125 
   149    151 0.792815 
   149    153 0.700444 
   149    154 0.713970 
   149    155 0.844339 
   149    156 0.772379 
   149    159 0.637700 
   149    161 0.636591 
   149    162 0.735103 
   149    164 0.693145 
   149    166 0.662868 
   149    168 0.758806 
   149    169 0.651226 
   149    171 0.787505 
   149    172 0.698862 
   149    258 0.636721 
   150    151 0.596062 
   151    142 0.630080 
   151    149 0.792815 
   151    150 0.596062 
   151    153 0.697503 
   151    154 0.677304 
   151    155 0.777884 
   151    156 0.707065 
   151    162 0.653656 
   151    164 0.636574 
   151    168 0.694030 
   151    169 0.642933 
   151    171 0.733467 
   151    172 0.716981 
   152    145 0.644934 
   152    146 0.680040 
   152    148 0.499125 
   152    160 0.660145 
   152    163 0.633929 
   152    170 0.616788 
   153    141 0.672594 
   153    142 0.623378 
   153    149 0.700444 
   153    151 0.697503 
   153    154 0.811691 
   153    155 0.689910 
   153    156 0.706698 
   153    159 0.628256 
   153    161 0.700320 
   153    162 0.650458 
   153    165 0.744282 
   153    168 0.717232 
   153    169 0.674826 
   153    171 0.706564 
   153    257 0.645585 
   153    258 0.660580 
   154    141 0.609579 
   154    142 0.623751 
   154    144 0.636794 
   154    147 0.714999 
   154    149 0.713970 
   154    151 0.677304 
   154    153 0.811691 
   154    155 0.657551 
   154    156 0.675118 
   154    161 0.775835 
   154    164 0.710430 
   154    165 0.644084 
   154    168 0.813688 
   154    169 0.625621 
   154    171 0.748801 
   154    257 0.645059 
   154    258 0.677766 
   154    262 0.590374 
   155    144 0.614726 
   155    149 0.844339 
   155    151 0.777884 
   155    153 0.689910 
   155    154 0.657551 
   155    156 0.856239 
   155    159 0.686338 
   155    162 0.735138 
   155    164 0.635379 
   155    166 0.742550 
   155    167 0.647819 
   155    168 0.675037 
   155    169 0.634675 
   155    171 0.799964 
   155    172 0.657407 
   155    258 0.619203 
   156    144 0.654565 
   156    149 0.772379 
   156    151 0.707065 
   156    153 0.706698 
   156    154 0.675118 
   156    155 0.856239 
   156    159 0.744273 
   156    161 0.639725 
   156    162 0.715028 
   156    164 0.647745 
   156    166 0.754660 
   156    168 0.685489 
   156    169 0.639207 
   156    171 0.767780 
   156    258 0.643712 
   157    235 0.585603 
   158    173 0.461880 
   159    149 0.637700 
   159    153 0.628256 
   159    155 0.686338 
   159    156 0.744273 
   159    166 0.724418 
   160     77 0.698100 
   160    124 0.630071 
   160    143 0.685537 
   160    145 0.647816 
   160    146 0.681809 
   160    152 0.660145 
   160    163 0.776634 
   160    167 0.635841 
   160    170 0.667196 
   161    144 0.649754 
   161    149 0.636591 
   161    153 0.700320 
   161    154 0.775835 
   161    156 0.639725 
   161    164 0.775703 
   161    168 0.727922 
   161    169 0.657713 
   161    171 0.640123 
   161    173 0.733498 
   161    257 0.685117 
   161    258 0.673288 
   162    144 0.666499 
   162    149 0.735103 
   162    151 0.653656 
   162    153 0.650458 
   162    155 0.735138 
   162    156 0.715028 
   162    166 0.624500 
   162    168 0.629795 
   162    169 0.715037 
   162    171 0.688674 
   163    145 0.668065 
   163    146 0.684187 
   163    152 0.633929 
   163    160 0.776634 
   163    167 0.737106 
   163    170 0.688938 
   164    149 0.693145 
   164    151 0.636574 
   164    154 0.710430 
   164    155 0.635379 
   164    156 0.647745 
   164    161 0.775703 
   164    168 0.723576 
   164    169 0.620139 
   164    171 0.671621 
   164    173 0.666660 
   165    141 0.838099 
   165    153 0.744282 
   165    154 0.644084 
   166    149 0.662868 
   166    155 0.742550 
   166    156 0.754660 
   166    159 0.724418 
   166    162 0.624500 
   166    171 0.637360 
   167    155 0.647819 
   167    160 0.635841 
   167    163 0.737106 
   168    149 0.758806 
   168    151 0.694030 
   168    153 0.717232 
   168    154 0.813688 
   168    155 0.675037 
   168    156 0.685489 
   168    161 0.727922 
   168    162 0.629795 
   168    164 0.723576 
   168    169 0.610988 
   168    171 0.741055 
   168    172 0.620148 
   168    173 0.628517 
   168    258 0.616085 
   169    144 0.730930 
   169    149 0.651226 
   169    151 0.642933 
   169    153 0.674826 
   169    154 0.625621 
   169    155 0.634675 
   169    156 0.639207 
   169    161 0.657713 
   169    162 0.715037 
   169    164 0.620139 
   169    168 0.610988 
   169    171 0.705923 
   169    173 0.649072 
   170    145 0.752007 
   170    146 0.828283 
   170    152 0.616788 
   170    160 0.667196 
   170    163 0.688938 
   171    142 0.642462 
   171    144 0.613707 
   171    149 0.787505 
   171    151 0.733467 
   171    153 0.706564 
   171    154 0.748801 
   171    155 0.799964 
   171    156 0.767780 
   171    161 0.640123 
   171    162 0.688674 
   171    164 0.671621 
   171    166 0.637360 
   171    168 0.741055 
   171    169 0.705923 
   171    258 0.611133 
   172    149 0.698862 
   172    151 0.716981 
   172    155 0.657407 
   172    168 0.620148 
   173    144 0.608953 
   173    158 0.461880 
   173    161 0.733498 
   173    164 0.666660 
   173    168 0.628517 
   173    169 0.649072 
   174    204 0.505147 
   175     97 0.581318 
   175    186 0.584660 
   175    206 0.340942 
   176    131 0.665199 
   177    195 0.628766 
   177    201 0.672071 
   178     87 0.655549 
   178    261 0.626909 
   179     18 0.669094 
   180    197 0.489871 
   181      9 0.472909 
   181    112 0.626625 
   181    218 0.645842 
   182    249 0.361678 
   183    243 0.384780 
   184    201 0.514917 
   185     98 0.529997 
   186    175 0.584660 
   187    201 0.602121 
   188      4 0.482020 
   188    204 0.636067 
   188    253 0.544708 
   188    259 0.681905 
   189    216 0.422825 
   190    192 0.719540 
   190    200 0.695686 
   190    204 0.708838 
   191    201 0.644090 
   192    190 0.719540 
   192    199 0.630406 
   193     96 0.628726 
   194     12 0.450723 
   194     80 0.693493 
   194     86 0.642533 
   194     89 0.684869 
   194     91 0.627820 
   194     92 0.662892 
   194     93 0.610705 
   194     94 0.672602 
   194     96 0.708537 
   194     97 0.700439 
   194    100 0.611511 
   194    101 0.677163 
   194    133 0.671619 
   194    135 0.687120 
   194    195 0.619246 
   195     86 0.685281 
   195     87 0.671055 
   195     94 0.690926 
   195     96 0.635870 
   195     97 0.621196 
   195     99 0.697455 
   195    100 0.808353 
   195    112 0.627486 
   195    118 0.608160 
   195    177 0.628766 
   195    194 0.619246 
   195    201 0.757592 
   196     86 0.646780 
   196     96 0.654093 
   196     97 0.757911 
   196     98 0.609133 
   196     99 0.624260 
   196    100 0.647817 
   196    101 0.620236 
   196    102 0.645119 
   196    218 0.620953 
   197    112 0.627308 
   197    180 0.489871 
   198    201 0.703526 
   199    192 0.630406 
   200    190 0.695686 
   201     87 0.655758 
   201    100 0.734506 
   201    112 0.690126 
   201    177 0.672071 
   201    184 0.514917 
   201    187 0.602121 
   201    191 0.644090 
   201    195 0.757592 
   201    198 0.703526 
   202    216 0.609820 
   202    220 0.610362 
   202    261 0.641192 
   203     13 0.697453 
   203     94 0.629383 
   203    136 0.638358 
   204     54 0.622757 
   204    174 0.505147 
   204    188 0.636067 
   204    190 0.708838 
   204    252 0.510491 
   205    130 0.344215 
   205    261 0.638927 
   206    175 0.340942 
   207    131 0.533465 
   208    209 0.576053 
   208    213 0.622389 
   209    208 0.576053 
   209    210 0.331905 
   210    209 0.331905 
   211    112 0.558876 
   212    215 0.495564 
   213     54 0.701497 
   213     59 0.811129 
   213    208 0.622389 
   213    216 0.719787 
   214    118 0.618859 
   215     59 0.625655 
   215    212 0.495564 
   215    216 0.648073 
   215    217 0.628610 
   216     59 0.661913 
   216    189 0.422825 
   216    202 0.609820 
   216    213 0.719787 
   216    215 0.648073 
   216    217 0.613107 
   217     59 0.610545 
   217    215 0.628610 
   217    216 0.613107 
   218     11 0.619885 
   218     94 0.607022 
   218     96 0.675939 
   218     97 0.657669 
   218     99 0.644159 
   218    100 0.608008 
   218    112 0.618344 
   218    119 0.699161 
   218    181 0.645842 
   218    196 0.620953 
   218    241 0.652263 
   219      5 0.475588 
   219     74 0.651775 
   219     76 0.729780 
   219     80 0.730951 
   219     86 0.693282 
   219     88 0.790171 
   219     89 0.719026 
   219     97 0.654710 
   219    102 0.638159 
   219    103 0.644615 
   219    104 0.658052 
   219    105 0.775426 
   219    106 0.722982 
   219    107 0.636508 
   219    108 0.673070 
   219    109 0.717770 
   219    110 0.666744 
   219    111 0.713406 
   219    113 0.684818 
   220    202 0.610362 
   221     86 0.655877 
   221     88 0.764021 
   221     89 0.752111 
   221     91 0.638997 
   221     92 0.680017 
   221    107 0.639878 
   221    109 0.618228 
   221    110 0.618604 
   221    133 0.693199 
   221    134 0.814938 
   221    135 0.787288 
   222    226 0.672329 
   223    234 0.585267 
   224    225 0.799464 
   224    234 0.673479 
   225    224 0.799464 
   225    234 0.642389 
   226    222 0.672329 
   226    234 0.451341 
   227    230 0.662101 
   228    233 0.773205 
   228    234 0.655035 
   229     61 0.477280 
   229    231 0.560291 
   229    232 0.614839 
   230     57 0.510948 
   230    227 0.662101 
   230    231 0.601414 
   230    233 0.566870 
   231    229 0.560291 
   231    230 0.601414 
   232    229 0.614839 
   233    228 0.773205 
   233    230 0.566870 
   233    234 0.704385 
   234    122 0.591654 
   234    223 0.585267 
   234    224 0.673479 
   234    225 0.642389 
   234    226 0.451341 
   234    228 0.655035 
   234    233 0.704385 
   235     21 0.619755 
   235     62 0.696456 
   235    123 0.557061 
   235    144 0.607471 
   235    157 0.585603 
   235    237 0.633263 
   235    239 0.648824 
   235    240 0.689414 
   235    257 0.670988 
   236     73 0.392951 
   236    237 0.623968 
   237     21 0.636364 
   237     24 0.625213 
   237     27 0.633251 
   237     62 0.691719 
   237     63 0.671468 
   237    235 0.633263 
   237    236 0.623968 
   237    238 0.642691 
   237    239 0.693916 
   237    240 0.676329 
   238     62 0.708417 
   238    237 0.642691 
   238    240 0.652590 
   239    119 0.628914 
   239    235 0.648824 
   239    237 0.693916 
   239    240 0.692203 
   240     62 0.701371 
   240    235 0.689414 
   240    237 0.676329 
   240    238 0.652590 
   240    239 0.692203 
   241    218 0.652263 
   242    115 0.579867 
   242    132 0.484879 
   242    137 0.683981 
   243     44 0.543929 
   243    183 0.384780 
   243    245 0.514716 
   243    246 0.463183 
   244     59 0.473376 
   245    243 0.514716 
   246    243 0.463183 
   247     37 0.451302 
   248    250 0.369717 
   249     82 0.416584 
   249    182 0.361678 
   250     81 0.435046 
   250    248 0.369717 
   251      3 0.385763 
   251     13 0.748896 
   251    136 0.660284 
   251    254 0.580499 
   251    256 0.672352 
   251    258 0.626390 
   251    260 0.687899 
   251    263 0.696361 
   251    264 0.667538 
   252    204 0.510491 
   253     75 0.373812 
   253    188 0.544708 
   254      8 0.535538 
   254    251 0.580499 
   255     47 0.531917 
   256    251 0.672352 
   257    144 0.654886 
   257    153 0.645585 
   257    154 0.645059 
   257    161 0.685117 
   257    235 0.670988 
   258    149 0.636721 
   258    153 0.660580 
   258    154 0.677766 
   258    155 0.619203 
   258    156 0.643712 
   258    161 0.673288 
   258    168 0.616085 
   258    171 0.611133 
   258    251 0.626390 
   258    263 0.644892 
   259    188 0.681905 
   260    251 0.687899 
   261    138 0.527340 
   261    178 0.626909 
   261    202 0.641192 
   261    205 0.638927 
   262    154 0.590374 
   263    251 0.696361 
   263    258 0.644892 
   264    136 0.679658 
   264    251 0.667538 
