*vertices    264 
     1 "     1" 
     2 "     2" 
     3 "     3" 
     4 "     4" 
     5 "     5" 
     6 "     6" 
     7 "     7" 
     8 "     8" 
     9 "     9" 
    10 "    10" 
    11 "    11" 
    12 "    12" 
    13 "    13" 
    14 "    14" 
    15 "    15" 
    16 "    16" 
    17 "    17" 
    18 "    18" 
    19 "    19" 
    20 "    20" 
    21 "    21" 
    22 "    22" 
    23 "    23" 
    24 "    24" 
    25 "    25" 
    26 "    26" 
    27 "    27" 
    28 "    28" 
    29 "    29" 
    30 "    30" 
    31 "    31" 
    32 "    32" 
    33 "    33" 
    34 "    34" 
    35 "    35" 
    36 "    36" 
    37 "    37" 
    38 "    38" 
    39 "    39" 
    40 "    40" 
    41 "    41" 
    42 "    42" 
    43 "    43" 
    44 "    44" 
    45 "    45" 
    46 "    46" 
    47 "    47" 
    48 "    48" 
    49 "    49" 
    50 "    50" 
    51 "    51" 
    52 "    52" 
    53 "    53" 
    54 "    54" 
    55 "    55" 
    56 "    56" 
    57 "    57" 
    58 "    58" 
    59 "    59" 
    60 "    60" 
    61 "    61" 
    62 "    62" 
    63 "    63" 
    64 "    64" 
    65 "    65" 
    66 "    66" 
    67 "    67" 
    68 "    68" 
    69 "    69" 
    70 "    70" 
    71 "    71" 
    72 "    72" 
    73 "    73" 
    74 "    74" 
    75 "    75" 
    76 "    76" 
    77 "    77" 
    78 "    78" 
    79 "    79" 
    80 "    80" 
    81 "    81" 
    82 "    82" 
    83 "    83" 
    84 "    84" 
    85 "    85" 
    86 "    86" 
    87 "    87" 
    88 "    88" 
    89 "    89" 
    90 "    90" 
    91 "    91" 
    92 "    92" 
    93 "    93" 
    94 "    94" 
    95 "    95" 
    96 "    96" 
    97 "    97" 
    98 "    98" 
    99 "    99" 
   100 "   100" 
   101 "   101" 
   102 "   102" 
   103 "   103" 
   104 "   104" 
   105 "   105" 
   106 "   106" 
   107 "   107" 
   108 "   108" 
   109 "   109" 
   110 "   110" 
   111 "   111" 
   112 "   112" 
   113 "   113" 
   114 "   114" 
   115 "   115" 
   116 "   116" 
   117 "   117" 
   118 "   118" 
   119 "   119" 
   120 "   120" 
   121 "   121" 
   122 "   122" 
   123 "   123" 
   124 "   124" 
   125 "   125" 
   126 "   126" 
   127 "   127" 
   128 "   128" 
   129 "   129" 
   130 "   130" 
   131 "   131" 
   132 "   132" 
   133 "   133" 
   134 "   134" 
   135 "   135" 
   136 "   136" 
   137 "   137" 
   138 "   138" 
   139 "   139" 
   140 "   140" 
   141 "   141" 
   142 "   142" 
   143 "   143" 
   144 "   144" 
   145 "   145" 
   146 "   146" 
   147 "   147" 
   148 "   148" 
   149 "   149" 
   150 "   150" 
   151 "   151" 
   152 "   152" 
   153 "   153" 
   154 "   154" 
   155 "   155" 
   156 "   156" 
   157 "   157" 
   158 "   158" 
   159 "   159" 
   160 "   160" 
   161 "   161" 
   162 "   162" 
   163 "   163" 
   164 "   164" 
   165 "   165" 
   166 "   166" 
   167 "   167" 
   168 "   168" 
   169 "   169" 
   170 "   170" 
   171 "   171" 
   172 "   172" 
   173 "   173" 
   174 "   174" 
   175 "   175" 
   176 "   176" 
   177 "   177" 
   178 "   178" 
   179 "   179" 
   180 "   180" 
   181 "   181" 
   182 "   182" 
   183 "   183" 
   184 "   184" 
   185 "   185" 
   186 "   186" 
   187 "   187" 
   188 "   188" 
   189 "   189" 
   190 "   190" 
   191 "   191" 
   192 "   192" 
   193 "   193" 
   194 "   194" 
   195 "   195" 
   196 "   196" 
   197 "   197" 
   198 "   198" 
   199 "   199" 
   200 "   200" 
   201 "   201" 
   202 "   202" 
   203 "   203" 
   204 "   204" 
   205 "   205" 
   206 "   206" 
   207 "   207" 
   208 "   208" 
   209 "   209" 
   210 "   210" 
   211 "   211" 
   212 "   212" 
   213 "   213" 
   214 "   214" 
   215 "   215" 
   216 "   216" 
   217 "   217" 
   218 "   218" 
   219 "   219" 
   220 "   220" 
   221 "   221" 
   222 "   222" 
   223 "   223" 
   224 "   224" 
   225 "   225" 
   226 "   226" 
   227 "   227" 
   228 "   228" 
   229 "   229" 
   230 "   230" 
   231 "   231" 
   232 "   232" 
   233 "   233" 
   234 "   234" 
   235 "   235" 
   236 "   236" 
   237 "   237" 
   238 "   238" 
   239 "   239" 
   240 "   240" 
   241 "   241" 
   242 "   242" 
   243 "   243" 
   244 "   244" 
   245 "   245" 
   246 "   246" 
   247 "   247" 
   248 "   248" 
   249 "   249" 
   250 "   250" 
   251 "   251" 
   252 "   252" 
   253 "   253" 
   254 "   254" 
   255 "   255" 
   256 "   256" 
   257 "   257" 
   258 "   258" 
   259 "   259" 
   260 "   260" 
   261 "   261" 
   262 "   262" 
   263 "   263" 
   264 "   264" 
*edges 
     1      2 0.614374 
     1    141 0.558288 
     1    153 0.552783 
     1    162 0.564638 
     1    171 0.471142 
     2      1 0.614374 
     2    142 0.566748 
     2    162 0.554559 
     3     78 0.521999 
     4     57 0.313313 
     5     78 0.539107 
     6    109 0.544269 
     7     77 0.450415 
     8    253 0.484041 
     9     96 0.529024 
    10     85 0.447852 
    11    119 0.498301 
    12     98 0.557413 
    13     15 0.564851 
    13     18 0.590420 
    13    136 0.781858 
    13    178 0.596921 
    13    251 0.587175 
    13    258 0.547461 
    13    261 0.640270 
    13    263 0.580868 
    14    189 0.244576 
    15     13 0.564851 
    15     22 0.626127 
    15     35 0.622208 
    15     36 0.589638 
    15     40 0.653457 
    15     50 0.577642 
    15    114 0.555446 
    15    135 0.563677 
    15    136 0.557552 
    16     40 0.559159 
    16     51 0.442066 
    17     39 0.594742 
    18     13 0.590420 
    18     39 0.623905 
    18    199 0.569653 
    18    224 0.548962 
    18    258 0.618774 
    18    261 0.602049 
    19     35 0.595260 
    19     38 0.583406 
    20    255 0.566355 
    20    258 0.552903 
    21    255 0.497617 
    22     15 0.626127 
    22     32 0.693634 
    22     34 0.585715 
    22     35 0.583346 
    22     38 0.640964 
    22     40 0.651267 
    22     49 0.638796 
    22     50 0.610178 
    22     63 0.632302 
    22     65 0.700791 
    22     73 0.564446 
    22    203 0.554692 
    23     27 0.561975 
    23     30 0.553672 
    23     34 0.583869 
    24    258 0.535512 
    25     30 0.606566 
    25     32 0.576371 
    25     34 0.601675 
    26     36 0.534164 
    27     23 0.561975 
    28     34 0.664511 
    28     36 0.543300 
    28     40 0.557418 
    28     42 0.604341 
    28     49 0.571263 
    28     61 0.545121 
    28     71 0.443835 
    29    205 0.521603 
    30     23 0.553672 
    30     25 0.606566 
    30     32 0.616118 
    30     33 0.558137 
    30     34 0.615152 
    30     49 0.574880 
    31     40 0.533207 
    32     22 0.693634 
    32     25 0.576371 
    32     30 0.616118 
    32     34 0.605831 
    32     49 0.576057 
    32     65 0.570470 
    33     30 0.558137 
    33     49 0.554557 
    34     22 0.585715 
    34     23 0.583869 
    34     25 0.601675 
    34     28 0.664511 
    34     30 0.615152 
    34     32 0.605831 
    34     40 0.596569 
    34     49 0.619805 
    35     15 0.622208 
    35     19 0.595260 
    35     22 0.583346 
    35     36 0.558124 
    35     37 0.576524 
    35     38 0.543186 
    35     40 0.554744 
    35     50 0.687767 
    35     65 0.585842 
    35    243 0.577869 
    36     15 0.589638 
    36     26 0.534164 
    36     28 0.543300 
    36     35 0.558124 
    36     40 0.549035 
    36     42 0.571680 
    37     35 0.576524 
    37     50 0.618633 
    37     53 0.624601 
    37     75 0.367440 
    38     19 0.583406 
    38     22 0.640964 
    38     35 0.543186 
    39     17 0.594742 
    39     18 0.623905 
    39     40 0.687507 
    40     15 0.653457 
    40     16 0.559159 
    40     22 0.651267 
    40     28 0.557418 
    40     31 0.533207 
    40     34 0.596569 
    40     35 0.554744 
    40     36 0.549035 
    40     39 0.687507 
    40     49 0.658720 
    41    203 0.448246 
    42     28 0.604341 
    42     36 0.571680 
    42     43 0.512396 
    42     44 0.678287 
    42     46 0.614657 
    43     42 0.512396 
    43    198 0.332915 
    44     42 0.678287 
    44     45 0.586026 
    44     46 0.784691 
    44     72 0.609438 
    44    224 0.549510 
    45     44 0.586026 
    45     46 0.556927 
    46     42 0.614657 
    46     44 0.784691 
    46     45 0.556927 
    47     54 0.710591 
    47     57 0.556135 
    47     58 0.544689 
    47     69 0.712366 
    47    118 0.771862 
    47    131 0.654675 
    47    138 0.686349 
    47    174 0.820830 
    47    187 0.725001 
    47    208 0.546670 
    47    213 0.604645 
    47    220 0.676437 
    47    236 0.576630 
    47    242 0.605402 
    47    252 0.601868 
    47    261 0.613032 
    48    257 0.531595 
    49     22 0.638796 
    49     28 0.571263 
    49     30 0.574880 
    49     32 0.576057 
    49     33 0.554557 
    49     34 0.619805 
    49     40 0.658720 
    49     50 0.573068 
    49     65 0.606279 
    49    203 0.589128 
    49    229 0.549034 
    49    244 0.599585 
    49    258 0.553839 
    50     15 0.577642 
    50     22 0.610178 
    50     35 0.687767 
    50     37 0.618633 
    50     49 0.573068 
    50     65 0.598287 
    50    138 0.556444 
    50    213 0.552529 
    50    220 0.565171 
    50    243 0.602177 
    50    244 0.543685 
    50    261 0.633001 
    51     16 0.442066 
    52     56 0.448031 
    53     37 0.624601 
    54     47 0.710591 
    54     57 0.547921 
    54     69 0.560909 
    54    138 0.555983 
    54    187 0.544322 
    55     57 0.545494 
    55     70 0.624095 
    56     52 0.448031 
    56     57 0.672556 
    56     58 0.592673 
    56     60 0.579091 
    56     62 0.555695 
    56    210 0.498512 
    56    220 0.602076 
    56    230 0.562005 
    56    232 0.515073 
    57      4 0.313313 
    57     47 0.556135 
    57     54 0.547921 
    57     55 0.545494 
    57     56 0.672556 
    57     58 0.558986 
    57     60 0.590512 
    58     47 0.544689 
    58     56 0.592673 
    58     57 0.558986 
    58     63 0.579418 
    58     65 0.563464 
    58    220 0.557834 
    59    202 0.560618 
    59    212 0.588763 
    59    213 0.687673 
    59    214 0.545148 
    59    215 0.656792 
    59    216 0.543922 
    59    217 0.567075 
    60     56 0.579091 
    60     57 0.590512 
    61     28 0.545121 
    61     64 0.558611 
    61     73 0.594716 
    61    224 0.557057 
    61    225 0.560947 
    62     56 0.555695 
    62    205 0.645845 
    62    240 0.580494 
    62    257 0.536303 
    63     22 0.632302 
    63     58 0.579418 
    63     65 0.696866 
    63     66 0.735616 
    63     73 0.554682 
    63    243 0.560636 
    64     61 0.558611 
    64     66 0.543628 
    64     67 0.498032 
    64     73 0.623222 
    65     22 0.700791 
    65     32 0.570470 
    65     35 0.585842 
    65     49 0.606279 
    65     50 0.598287 
    65     58 0.563464 
    65     63 0.696866 
    65     66 0.724342 
    65     68 0.532202 
    65     73 0.550261 
    65    144 0.435881 
    65    245 0.548816 
    65    261 0.563361 
    66     63 0.735616 
    66     64 0.543628 
    66     65 0.724342 
    67     64 0.498032 
    68     65 0.532202 
    69     47 0.712366 
    69     54 0.560909 
    69    118 0.674003 
    69    174 0.681330 
    69    176 0.559260 
    69    187 0.611361 
    69    208 0.562688 
    69    213 0.555990 
    69    220 0.546038 
    69    236 0.599542 
    69    252 0.761058 
    69    259 0.677416 
    69    261 0.652476 
    70     55 0.624095 
    71     28 0.443835 
    72     44 0.609438 
    73     22 0.564446 
    73     61 0.594716 
    73     63 0.554682 
    73     64 0.623222 
    73     65 0.550261 
    74     95 0.515967 
    74    254 0.493136 
    75     37 0.367440 
    76    107 0.606206 
    76    110 0.553987 
    77      7 0.450415 
    77     91 0.475200 
    78      3 0.521999 
    78      5 0.539107 
    78    110 0.532981 
    78    180 0.621105 
    79     86 0.689946 
    79     88 0.578576 
    79    103 0.596693 
    79    117 0.591073 
    79    118 0.580618 
    79    129 0.548954 
    79    137 0.558759 
    79    187 0.589417 
    79    236 0.575921 
    79    242 0.555840 
    79    253 0.616963 
    80     87 0.630867 
    80     94 0.545094 
    80     97 0.695172 
    80    101 0.546491 
    80    133 0.585547 
    81    129 0.562216 
    82    106 0.584705 
    82    128 0.638980 
    82    139 0.559940 
    83    115 0.516827 
    84    197 0.514038 
    85     10 0.447852 
    85    139 0.451863 
    86     79 0.689946 
    86     87 0.658331 
    86     88 0.739947 
    86     96 0.618125 
    86     98 0.665309 
    86     99 0.603693 
    86    103 0.582043 
    86    104 0.739965 
    86    115 0.700714 
    86    116 0.538805 
    86    133 0.656270 
    86    137 0.559232 
    86    177 0.555246 
    87     80 0.630867 
    87     86 0.658331 
    87     88 0.618803 
    87     91 0.676440 
    87     94 0.643578 
    87     97 0.601071 
    87     98 0.555252 
    87     99 0.634637 
    87    101 0.635697 
    87    102 0.574210 
    87    104 0.591087 
    87    109 0.615663 
    87    110 0.546760 
    87    113 0.551594 
    87    114 0.604677 
    87    133 0.706263 
    88     79 0.578576 
    88     86 0.739947 
    88     87 0.618803 
    88     90 0.602135 
    88     91 0.665709 
    88     92 0.593314 
    88     96 0.543931 
    88     98 0.577049 
    88    103 0.574424 
    88    104 0.770471 
    88    106 0.668844 
    88    107 0.587077 
    88    109 0.562405 
    88    111 0.583373 
    88    115 0.690788 
    88    130 0.568835 
    88    133 0.650878 
    89     92 0.633038 
    89     96 0.556405 
    89    130 0.562694 
    89    135 0.627157 
    89    163 0.557991 
    90     88 0.602135 
    90     91 0.632223 
    90     95 0.720283 
    90     97 0.612977 
    90    101 0.575518 
    90    124 0.561904 
    90    133 0.563593 
    91     77 0.475200 
    91     87 0.676440 
    91     88 0.665709 
    91     90 0.632223 
    91     94 0.571894 
    91     97 0.553502 
    91     99 0.576727 
    91    101 0.614985 
    91    104 0.643627 
    91    107 0.572054 
    91    109 0.663892 
    91    110 0.598572 
    91    114 0.551181 
    91    133 0.664603 
    91    163 0.571250 
    91    215 0.582285 
    91    221 0.593095 
    92     88 0.593314 
    92     89 0.633038 
    92     96 0.660715 
    92    130 0.574871 
    93    163 0.580786 
    94     80 0.545094 
    94     87 0.643578 
    94     91 0.571894 
    94    109 0.556431 
    94    112 0.547257 
    94    113 0.593513 
    94    114 0.576891 
    94    133 0.555617 
    94    134 0.551279 
    94    135 0.556826 
    94    136 0.570717 
    94    163 0.644628 
    94    215 0.602497 
    94    221 0.586610 
    95     74 0.515967 
    95     90 0.720283 
    95     97 0.605062 
    95    124 0.623048 
    95    125 0.599888 
    95    163 0.545282 
    96      9 0.529024 
    96     86 0.618125 
    96     88 0.543931 
    96     89 0.556405 
    96     92 0.660715 
    96    102 0.553054 
    96    130 0.723412 
    96    139 0.617982 
    96    175 0.549175 
    96    177 0.708094 
    96    196 0.614372 
    96    204 0.583701 
    97     80 0.695172 
    97     87 0.601071 
    97     90 0.612977 
    97     91 0.553502 
    97     95 0.605062 
    97    101 0.732313 
    97    104 0.546210 
    97    124 0.567619 
    97    133 0.601261 
    98     12 0.557413 
    98     86 0.665309 
    98     87 0.555252 
    98     88 0.577049 
    98     99 0.700369 
    98    102 0.569685 
    98    103 0.611969 
    98    104 0.712019 
    98    114 0.602530 
    98    115 0.601075 
    98    133 0.585463 
    98    137 0.564186 
    98    202 0.642720 
    99     86 0.603693 
    99     87 0.634637 
    99     91 0.576727 
    99     98 0.700369 
    99    100 0.599586 
    99    104 0.573728 
    99    112 0.596008 
    99    114 0.616917 
    99    193 0.605804 
    99    195 0.604951 
    99    196 0.563706 
    99    201 0.512586 
    99    202 0.620189 
    99    215 0.561816 
    99    216 0.558143 
   100     99 0.599586 
   101     80 0.546491 
   101     87 0.635697 
   101     90 0.575518 
   101     91 0.614985 
   101     97 0.732313 
   101    104 0.543956 
   101    107 0.555724 
   101    109 0.598062 
   101    110 0.611678 
   101    133 0.570413 
   102     87 0.574210 
   102     96 0.553054 
   102     98 0.569685 
   102    103 0.600050 
   102    106 0.605370 
   102    114 0.726741 
   102    204 0.623714 
   102    215 0.590819 
   103     79 0.596693 
   103     86 0.582043 
   103     88 0.574424 
   103     98 0.611969 
   103    102 0.600050 
   103    104 0.574406 
   103    106 0.637515 
   103    118 0.580533 
   103    127 0.570948 
   103    137 0.669910 
   103    165 0.569325 
   103    183 0.585593 
   103    220 0.572259 
   103    224 0.559916 
   103    242 0.592831 
   104     86 0.739965 
   104     87 0.591087 
   104     88 0.770471 
   104     91 0.643627 
   104     97 0.546210 
   104     98 0.712019 
   104     99 0.573728 
   104    101 0.543956 
   104    103 0.574406 
   104    105 0.577673 
   104    106 0.644648 
   104    111 0.567554 
   104    115 0.724688 
   104    133 0.666246 
   105    104 0.577673 
   105    106 0.636055 
   105    115 0.563187 
   106     82 0.584705 
   106     88 0.668844 
   106    102 0.605370 
   106    103 0.637515 
   106    104 0.644648 
   106    105 0.636055 
   106    107 0.606271 
   106    111 0.604010 
   106    115 0.573963 
   106    130 0.565234 
   106    139 0.595187 
   107     76 0.606206 
   107     88 0.587077 
   107     91 0.572054 
   107    101 0.555724 
   107    106 0.606271 
   107    109 0.819553 
   107    110 0.788537 
   107    111 0.786556 
   107    113 0.548017 
   107    215 0.549282 
   108    211 0.434694 
   108    217 0.422866 
   109      6 0.544269 
   109     87 0.615663 
   109     88 0.562405 
   109     91 0.663892 
   109     94 0.556431 
   109    101 0.598062 
   109    107 0.819553 
   109    110 0.829617 
   109    111 0.663097 
   109    113 0.563797 
   109    114 0.604414 
   109    133 0.604155 
   109    215 0.556471 
   109    221 0.592779 
   110     76 0.553987 
   110     78 0.532981 
   110     87 0.546760 
   110     91 0.598572 
   110    101 0.611678 
   110    107 0.788537 
   110    109 0.829617 
   110    111 0.624258 
   110    113 0.586749 
   110    133 0.558231 
   110    215 0.551392 
   111     88 0.583373 
   111    104 0.567554 
   111    106 0.604010 
   111    107 0.786556 
   111    109 0.663097 
   111    110 0.624258 
   111    215 0.546972 
   112     94 0.547257 
   112     99 0.596008 
   112    113 0.577778 
   112    122 0.490434 
   112    196 0.641101 
   112    202 0.647007 
   112    215 0.639285 
   112    216 0.584517 
   113     87 0.551594 
   113     94 0.593513 
   113    107 0.548017 
   113    109 0.563797 
   113    110 0.586749 
   113    112 0.577778 
   113    133 0.558929 
   113    215 0.609228 
   114     15 0.555446 
   114     87 0.604677 
   114     91 0.551181 
   114     94 0.576891 
   114     98 0.602530 
   114     99 0.616917 
   114    102 0.726741 
   114    109 0.604414 
   114    195 0.559468 
   114    202 0.569985 
   114    204 0.630933 
   114    215 0.666574 
   115     83 0.516827 
   115     86 0.700714 
   115     88 0.690788 
   115     98 0.601075 
   115    104 0.724688 
   115    105 0.563187 
   115    106 0.573963 
   116     86 0.538805 
   117     79 0.591073 
   117    253 0.591820 
   118     47 0.771862 
   118     69 0.674003 
   118     79 0.580618 
   118    103 0.580533 
   118    131 0.686621 
   118    138 0.698200 
   118    165 0.590533 
   118    174 0.875656 
   118    183 0.567503 
   118    187 0.782282 
   118    220 0.738856 
   118    224 0.588003 
   118    228 0.562407 
   118    236 0.695062 
   118    242 0.719089 
   118    252 0.612220 
   118    261 0.591233 
   119     11 0.498301 
   119    183 0.534663 
   119    218 0.575807 
   120    196 0.512563 
   121    139 0.436983 
   122    112 0.490434 
   123    240 0.447813 
   124     90 0.561904 
   124     95 0.623048 
   124     97 0.567619 
   124    125 0.567572 
   124    126 0.547375 
   125     95 0.599888 
   125    124 0.567572 
   126    124 0.547375 
   127    103 0.570948 
   127    137 0.562419 
   127    165 0.563880 
   127    183 0.638669 
   127    184 0.713715 
   127    185 0.560392 
   128     82 0.638980 
   128    139 0.564469 
   129     79 0.548954 
   129     81 0.562216 
   129    137 0.572125 
   130     88 0.568835 
   130     89 0.562694 
   130     92 0.574871 
   130     96 0.723412 
   130    106 0.565234 
   130    139 0.548219 
   130    175 0.585502 
   131     47 0.654675 
   131    118 0.686621 
   131    174 0.679769 
   131    187 0.636512 
   131    220 0.575519 
   131    236 0.595376 
   131    242 0.546889 
   132    137 0.477175 
   133     80 0.585547 
   133     86 0.656270 
   133     87 0.706263 
   133     88 0.650878 
   133     90 0.563593 
   133     91 0.664603 
   133     94 0.555617 
   133     97 0.601261 
   133     98 0.585463 
   133    101 0.570413 
   133    104 0.666246 
   133    109 0.604155 
   133    110 0.558231 
   133    113 0.558929 
   133    179 0.564807 
   134     94 0.551279 
   134    135 0.730581 
   135     15 0.563677 
   135     89 0.627157 
   135     94 0.556826 
   135    134 0.730581 
   135    163 0.559411 
   135    166 0.539722 
   135    194 0.553234 
   136     13 0.781858 
   136     15 0.557552 
   136     94 0.570717 
   136    203 0.556345 
   137     79 0.558759 
   137     86 0.559232 
   137     98 0.564186 
   137    103 0.669910 
   137    127 0.562419 
   137    129 0.572125 
   137    132 0.477175 
   137    139 0.658885 
   137    242 0.590188 
   138     47 0.686349 
   138     50 0.556444 
   138     54 0.555983 
   138    118 0.698200 
   138    174 0.751305 
   138    187 0.673921 
   138    213 0.618901 
   138    220 0.736283 
   138    224 0.542939 
   138    228 0.560137 
   138    236 0.618199 
   138    242 0.611042 
   138    252 0.591030 
   138    261 0.685504 
   139     82 0.559940 
   139     85 0.451863 
   139     96 0.617982 
   139    106 0.595187 
   139    121 0.436983 
   139    128 0.564469 
   139    130 0.548219 
   139    137 0.658885 
   139    242 0.641077 
   140    146 0.594618 
   140    152 0.636216 
   140    158 0.345546 
   141      1 0.558288 
   141    154 0.569696 
   141    165 0.602905 
   142      2 0.566748 
   142    146 0.616549 
   142    160 0.585140 
   142    170 0.576644 
   143    160 0.541403 
   144     65 0.435881 
   145    146 0.758308 
   145    152 0.694048 
   145    160 0.633300 
   145    163 0.589940 
   145    167 0.659084 
   145    170 0.765710 
   146    140 0.594618 
   146    142 0.616549 
   146    145 0.758308 
   146    152 0.725048 
   146    156 0.572710 
   146    160 0.704131 
   146    163 0.619965 
   146    165 0.622451 
   146    167 0.778016 
   146    170 0.836653 
   146    224 0.621040 
   147    157 0.508121 
   148    152 0.549742 
   149    156 0.642114 
   149    162 0.640474 
   149    168 0.542135 
   150    244 0.406654 
   151    172 0.489689 
   152    140 0.636216 
   152    145 0.694048 
   152    146 0.725048 
   152    148 0.549742 
   152    160 0.692042 
   152    163 0.561970 
   152    167 0.678497 
   152    170 0.682241 
   152    213 0.544381 
   152    224 0.576555 
   153      1 0.552783 
   153    154 0.619144 
   153    161 0.641133 
   154    141 0.569696 
   154    153 0.619144 
   154    161 0.631416 
   154    164 0.669529 
   154    165 0.581528 
   154    176 0.550300 
   154    191 0.607967 
   154    255 0.556854 
   154    258 0.636668 
   154    259 0.565312 
   155    159 0.523262 
   155    166 0.483943 
   156    146 0.572710 
   156    149 0.642114 
   156    160 0.575372 
   156    162 0.611642 
   156    167 0.622577 
   156    170 0.608322 
   156    173 0.452920 
   157    147 0.508121 
   157    169 0.557633 
   157    260 0.483102 
   158    140 0.345546 
   159    155 0.523262 
   160    142 0.585140 
   160    143 0.541403 
   160    145 0.633300 
   160    146 0.704131 
   160    152 0.692042 
   160    156 0.575372 
   160    163 0.626704 
   160    167 0.677834 
   160    170 0.706179 
   161    153 0.641133 
   161    154 0.631416 
   162      1 0.564638 
   162      2 0.554559 
   162    149 0.640474 
   162    156 0.611642 
   163     89 0.557991 
   163     91 0.571250 
   163     93 0.580786 
   163     94 0.644628 
   163     95 0.545282 
   163    135 0.559411 
   163    145 0.589940 
   163    146 0.619965 
   163    152 0.561970 
   163    160 0.626704 
   163    167 0.657377 
   163    170 0.672954 
   163    215 0.546736 
   164    154 0.669529 
   164    172 0.597529 
   165    103 0.569325 
   165    118 0.590533 
   165    127 0.563880 
   165    141 0.602905 
   165    146 0.622451 
   165    154 0.581528 
   165    187 0.548178 
   165    220 0.549372 
   165    224 0.578826 
   165    244 0.546082 
   165    245 0.620063 
   166    135 0.539722 
   166    155 0.483943 
   167    145 0.659084 
   167    146 0.778016 
   167    152 0.678497 
   167    156 0.622577 
   167    160 0.677834 
   167    163 0.657377 
   167    170 0.765742 
   168    149 0.542135 
   169    157 0.557633 
   170    142 0.576644 
   170    145 0.765710 
   170    146 0.836653 
   170    152 0.682241 
   170    156 0.608322 
   170    160 0.706179 
   170    163 0.672954 
   170    167 0.765742 
   170    224 0.571462 
   171      1 0.471142 
   172    151 0.489689 
   172    164 0.597529 
   173    156 0.452920 
   174     47 0.820830 
   174     69 0.681330 
   174    118 0.875656 
   174    131 0.679769 
   174    138 0.751305 
   174    187 0.808159 
   174    213 0.577357 
   174    220 0.780232 
   174    224 0.572619 
   174    236 0.679181 
   174    242 0.727747 
   174    252 0.586608 
   174    261 0.611467 
   175     96 0.549175 
   175    130 0.585502 
   175    186 0.664560 
   175    196 0.660430 
   176     69 0.559260 
   176    154 0.550300 
   176    191 0.578688 
   176    259 0.589923 
   176    260 0.553144 
   177     86 0.555246 
   177     96 0.708094 
   177    195 0.694528 
   177    196 0.555437 
   178     13 0.596921 
   178    188 0.563066 
   178    261 0.571883 
   179    133 0.564807 
   179    200 0.577590 
   179    253 0.575866 
   180     78 0.621105 
   181    182 0.464837 
   182    181 0.464837 
   182    200 0.527254 
   183    103 0.585593 
   183    118 0.567503 
   183    119 0.534663 
   183    127 0.638669 
   183    184 0.576440 
   183    187 0.577247 
   183    220 0.626540 
   183    236 0.573911 
   184    127 0.713715 
   184    183 0.576440 
   184    185 0.583963 
   184    253 0.602964 
   185    127 0.560392 
   185    184 0.583963 
   185    253 0.572400 
   186    175 0.664560 
   186    193 0.560499 
   186    196 0.635735 
   187     47 0.725001 
   187     54 0.544322 
   187     69 0.611361 
   187     79 0.589417 
   187    118 0.782282 
   187    131 0.636512 
   187    138 0.673921 
   187    165 0.548178 
   187    174 0.808159 
   187    183 0.577247 
   187    220 0.659955 
   187    224 0.557122 
   187    236 0.748850 
   187    242 0.694903 
   187    252 0.603153 
   188    178 0.563066 
   188    189 0.583588 
   188    199 0.559157 
   188    202 0.577308 
   188    206 0.557623 
   188    213 0.546666 
   188    216 0.588326 
   188    220 0.546759 
   188    259 0.555583 
   188    261 0.598876 
   189     14 0.244576 
   189    188 0.583588 
   189    220 0.553787 
   190    191 0.583413 
   190    192 0.848865 
   190    193 0.695943 
   190    194 0.679572 
   190    195 0.620654 
   190    196 0.565297 
   190    199 0.777873 
   190    200 0.604690 
   190    202 0.602706 
   190    204 0.553726 
   190    216 0.681317 
   190    258 0.577790 
   191    154 0.607967 
   191    176 0.578688 
   191    190 0.583413 
   191    192 0.557659 
   191    199 0.695259 
   191    256 0.575184 
   191    258 0.597545 
   191    259 0.702956 
   191    260 0.743458 
   192    190 0.848865 
   192    191 0.557659 
   192    193 0.698929 
   192    194 0.693787 
   192    195 0.645608 
   192    196 0.589112 
   192    199 0.762006 
   192    202 0.555528 
   192    216 0.609967 
   192    256 0.547883 
   192    258 0.615566 
   193     99 0.605804 
   193    186 0.560499 
   193    190 0.695943 
   193    192 0.698929 
   193    194 0.582270 
   193    195 0.602809 
   193    196 0.595472 
   193    199 0.626238 
   193    200 0.567152 
   193    202 0.576582 
   193    216 0.634953 
   194    135 0.553234 
   194    190 0.679572 
   194    192 0.693787 
   194    193 0.582270 
   194    195 0.602195 
   194    196 0.677728 
   194    199 0.625206 
   194    200 0.662695 
   195     99 0.604951 
   195    114 0.559468 
   195    177 0.694528 
   195    190 0.620654 
   195    192 0.645608 
   195    193 0.602809 
   195    194 0.602195 
   195    196 0.548674 
   195    197 0.545382 
   195    199 0.613359 
   195    202 0.669272 
   195    216 0.602885 
   196     96 0.614372 
   196     99 0.563706 
   196    112 0.641101 
   196    120 0.512563 
   196    175 0.660430 
   196    177 0.555437 
   196    186 0.635735 
   196    190 0.565297 
   196    192 0.589112 
   196    193 0.595472 
   196    194 0.677728 
   196    195 0.548674 
   196    200 0.621169 
   197     84 0.514038 
   197    195 0.545382 
   198     43 0.332915 
   199     18 0.569653 
   199    188 0.559157 
   199    190 0.777873 
   199    191 0.695259 
   199    192 0.762006 
   199    193 0.626238 
   199    194 0.625206 
   199    195 0.613359 
   199    216 0.591431 
   199    256 0.578492 
   199    258 0.589987 
   199    259 0.652222 
   199    260 0.603863 
   200    179 0.577590 
   200    182 0.527254 
   200    190 0.604690 
   200    193 0.567152 
   200    194 0.662695 
   200    196 0.621169 
   201     99 0.512586 
   202     59 0.560618 
   202     98 0.642720 
   202     99 0.620189 
   202    112 0.647007 
   202    114 0.569985 
   202    188 0.577308 
   202    190 0.602706 
   202    192 0.555528 
   202    193 0.576582 
   202    195 0.669272 
   202    204 0.545760 
   202    213 0.702820 
   202    215 0.668800 
   202    216 0.712262 
   202    261 0.575442 
   203     22 0.554692 
   203     41 0.448246 
   203     49 0.589128 
   203    136 0.556345 
   204     96 0.583701 
   204    102 0.623714 
   204    114 0.630933 
   204    190 0.553726 
   204    202 0.545760 
   205     29 0.521603 
   205     62 0.645845 
   205    235 0.552030 
   205    239 0.553035 
   205    240 0.619653 
   206    188 0.557623 
   206    208 0.551156 
   206    261 0.545901 
   207    236 0.447679 
   208     47 0.546670 
   208     69 0.562688 
   208    206 0.551156 
   208    209 0.546811 
   208    213 0.594987 
   208    259 0.544592 
   208    261 0.606788 
   209    208 0.546811 
   210     56 0.498512 
   211    108 0.434694 
   212     59 0.588763 
   212    215 0.635921 
   213     47 0.604645 
   213     50 0.552529 
   213     59 0.687673 
   213     69 0.555990 
   213    138 0.618901 
   213    152 0.544381 
   213    174 0.577357 
   213    188 0.546666 
   213    202 0.702820 
   213    208 0.594987 
   213    216 0.608090 
   213    220 0.573247 
   213    224 0.587041 
   213    261 0.707208 
   214     59 0.545148 
   214    217 0.569480 
   214    219 0.547440 
   215     59 0.656792 
   215     91 0.582285 
   215     94 0.602497 
   215     99 0.561816 
   215    102 0.590819 
   215    107 0.549282 
   215    109 0.556471 
   215    110 0.551392 
   215    111 0.546972 
   215    112 0.639285 
   215    113 0.609228 
   215    114 0.666574 
   215    163 0.546736 
   215    202 0.668800 
   215    212 0.635921 
   215    216 0.641965 
   215    217 0.631159 
   215    221 0.604079 
   216     59 0.543922 
   216     99 0.558143 
   216    112 0.584517 
   216    188 0.588326 
   216    190 0.681317 
   216    192 0.609967 
   216    193 0.634953 
   216    195 0.602885 
   216    199 0.591431 
   216    202 0.712262 
   216    213 0.608090 
   216    215 0.641965 
   217     59 0.567075 
   217    108 0.422866 
   217    214 0.569480 
   217    215 0.631159 
   218    119 0.575807 
   219    214 0.547440 
   220     47 0.676437 
   220     50 0.565171 
   220     56 0.602076 
   220     58 0.557834 
   220     69 0.546038 
   220    103 0.572259 
   220    118 0.738856 
   220    131 0.575519 
   220    138 0.736283 
   220    165 0.549372 
   220    174 0.780232 
   220    183 0.626540 
   220    187 0.659955 
   220    188 0.546759 
   220    189 0.553787 
   220    213 0.573247 
   220    228 0.556401 
   220    236 0.616714 
   220    242 0.668495 
   220    252 0.586110 
   220    261 0.649471 
   221     91 0.593095 
   221     94 0.586610 
   221    109 0.592779 
   221    215 0.604079 
   222    226 0.546153 
   223    224 0.618301 
   223    234 0.430315 
   224     18 0.548962 
   224     44 0.549510 
   224     61 0.557057 
   224    103 0.559916 
   224    118 0.588003 
   224    138 0.542939 
   224    146 0.621040 
   224    152 0.576555 
   224    165 0.578826 
   224    170 0.571462 
   224    174 0.572619 
   224    187 0.557122 
   224    213 0.587041 
   224    223 0.618301 
   224    225 0.755123 
   224    261 0.603872 
   225     61 0.560947 
   225    224 0.755123 
   226    222 0.546153 
   226    234 0.586354 
   227    230 0.692945 
   228    118 0.562407 
   228    138 0.560137 
   228    220 0.556401 
   228    233 0.702903 
   229     49 0.549034 
   230     56 0.562005 
   230    227 0.692945 
   230    231 0.565200 
   231    230 0.565200 
   232     56 0.515073 
   233    228 0.702903 
   234    223 0.430315 
   234    226 0.586354 
   234    246 0.457655 
   235    205 0.552030 
   235    240 0.637457 
   236     47 0.576630 
   236     69 0.599542 
   236     79 0.575921 
   236    118 0.695062 
   236    131 0.595376 
   236    138 0.618199 
   236    174 0.679181 
   236    183 0.573911 
   236    187 0.748850 
   236    207 0.447679 
   236    220 0.616714 
   236    239 0.550426 
   236    242 0.549958 
   236    252 0.685630 
   237    252 0.527687 
   238    239 0.485558 
   239    205 0.553035 
   239    236 0.550426 
   239    238 0.485558 
   240     62 0.580494 
   240    123 0.447813 
   240    205 0.619653 
   240    235 0.637457 
   241    252 0.540545 
   242     47 0.605402 
   242     79 0.555840 
   242    103 0.592831 
   242    118 0.719089 
   242    131 0.546889 
   242    137 0.590188 
   242    138 0.611042 
   242    139 0.641077 
   242    174 0.727747 
   242    187 0.694903 
   242    220 0.668495 
   242    236 0.549958 
   243     35 0.577869 
   243     50 0.602177 
   243     63 0.560636 
   243    244 0.559917 
   243    245 0.621070 
   243    250 0.450519 
   244     49 0.599585 
   244     50 0.543685 
   244    150 0.406654 
   244    165 0.546082 
   244    243 0.559917 
   245     65 0.548816 
   245    165 0.620063 
   245    243 0.621070 
   245    255 0.543592 
   246    234 0.457655 
   247    248 0.596498 
   247    249 0.599563 
   248    247 0.596498 
   248    249 0.546306 
   248    250 0.472082 
   249    247 0.599563 
   249    248 0.546306 
   250    243 0.450519 
   250    248 0.472082 
   251     13 0.587175 
   251    258 0.647518 
   252     47 0.601868 
   252     69 0.761058 
   252    118 0.612220 
   252    138 0.591030 
   252    174 0.586608 
   252    187 0.603153 
   252    220 0.586110 
   252    236 0.685630 
   252    237 0.527687 
   252    241 0.540545 
   252    259 0.677949 
   252    261 0.711884 
   252    262 0.569481 
   253      8 0.484041 
   253     79 0.616963 
   253    117 0.591820 
   253    179 0.575866 
   253    184 0.602964 
   253    185 0.572400 
   254     74 0.493136 
   255     20 0.566355 
   255     21 0.497617 
   255    154 0.556854 
   255    245 0.543592 
   255    258 0.602703 
   255    259 0.598013 
   255    261 0.559855 
   256    191 0.575184 
   256    192 0.547883 
   256    199 0.578492 
   256    258 0.612078 
   256    259 0.576965 
   256    260 0.580674 
   257     48 0.531595 
   257     62 0.536303 
   258     13 0.547461 
   258     18 0.618774 
   258     20 0.552903 
   258     24 0.535512 
   258     49 0.553839 
   258    154 0.636668 
   258    190 0.577790 
   258    191 0.597545 
   258    192 0.615566 
   258    199 0.589987 
   258    251 0.647518 
   258    255 0.602703 
   258    256 0.612078 
   258    259 0.595011 
   258    260 0.548488 
   258    261 0.600153 
   258    263 0.655224 
   259     69 0.677416 
   259    154 0.565312 
   259    176 0.589923 
   259    188 0.555583 
   259    191 0.702956 
   259    199 0.652222 
   259    208 0.544592 
   259    252 0.677949 
   259    255 0.598013 
   259    256 0.576965 
   259    258 0.595011 
   259    260 0.741959 
   259    261 0.719879 
   259    262 0.560606 
   260    157 0.483102 
   260    176 0.553144 
   260    191 0.743458 
   260    199 0.603863 
   260    256 0.580674 
   260    258 0.548488 
   260    259 0.741959 
   261     13 0.640270 
   261     18 0.602049 
   261     47 0.613032 
   261     50 0.633001 
   261     65 0.563361 
   261     69 0.652476 
   261    118 0.591233 
   261    138 0.685504 
   261    174 0.611467 
   261    178 0.571883 
   261    188 0.598876 
   261    202 0.575442 
   261    206 0.545901 
   261    208 0.606788 
   261    213 0.707208 
   261    220 0.649471 
   261    224 0.603872 
   261    252 0.711884 
   261    255 0.559855 
   261    258 0.600153 
   261    259 0.719879 
   261    263 0.591166 
   261    264 0.601506 
   262    252 0.569481 
   262    259 0.560606 
   263     13 0.580868 
   263    258 0.655224 
   263    261 0.591166 
   264    261 0.601506 
